30
10
[0.0, 0.0, 140.0]
[0.0, 0.0, 139.54370370370373]
[0.0, 0.0, 138.21629629629632]
[0.0, 0.0, 136.07999999999998]
[0.0, 0.0, 133.19703703703706]
[0.0, 0.0, 129.62962962962965]
[0.0, 0.0, 125.44000000000003]
[0.0, 0.0, 120.69037037037039]
[0.0, 0.0, 115.44296296296298]
[0.0, 0.0, 109.76000000000002]
[0.0, 0.0, 103.7037037037037]
[0.0, 0.0, 97.3362962962963]
[0.0, 0.0, 90.72]
[0.0, 0.0, 83.91703703703705]
[0.0, 0.0, 76.98962962962963]
[0.0, 0.0, 70.0]
[0.0, 0.0, 63.010370370370374]
[0.0, 0.0, 56.08296296296297]
[0.0, 0.0, 49.28]
[0.0, 0.0, 42.6637037037037]
[0.0, 0.0, 36.29629629629629]
[0.0, 0.0, 30.24]
[0.0, 0.0, 24.557037037037038]
[0.0, 0.0, 19.30962962962963]
[0.0, 0.0, 14.56]
[0.0, 0.0, 10.37037037037037]
[0.0, 0.0, 6.8029629629629635]
[0.0, 0.0, 3.9200000000000004]
[0.0, 0.0, 1.7837037037037038]
[0.0, 0.0, 0.4562962962962963]
[0, 0, 0]
[0, 0, 0]
[0, 0, 0]
[0, 0, 0]
[0, 0, 0]
[0, 0, 0]
[0, 0, 0]
[0, 0, 0]
[0, 0, 0]
[0, 0, 0]
[0, 0, 0]
[0, 0, 0]
[0, 0, 0]
[0, 0, 0]
[0, 0, 0]
[0, 0, 0]
[0, 0, 0]
[0, 0, 0]
[0, 0, 0]
[0, 0, 0]
[0, 0, 0]
[0, 0, 0]
[0, 0, 0]
[0, 0, 0]
[0, 0, 0]
[0, 0, 0]
[0, 0, 0]
[0, 0, 0]
[0, 0, 0]
[0, 0, 0]
