30
10
[0.0, 0.0, 177.03999999999996]
[0.0, 0.0, 176.46298074074065]
[0.0, 0.0, 174.7843792592592]
[0.0, 0.0, 172.08287999999993]
[0.0, 0.0, 168.43716740740734]
[0.0, 0.0, 163.9259259259259]
[0.0, 0.0, 158.62783999999994]
[0.0, 0.0, 152.621594074074]
[0.0, 0.0, 145.98587259259256]
[0.0, 0.0, 138.79935999999992]
[0.0, 0.0, 131.1407407407407]
[0.0, 0.0, 123.0886992592592]
[0.0, 0.0, 114.72191999999997]
[0.0, 0.0, 106.11908740740738]
[0.0, 0.0, 97.3588859259259]
[0.0, 0.0, 88.51999999999998]
[0.0, 0.0, 79.68111407407406]
[0.0, 0.0, 70.92091259259257]
[0.0, 0.0, 62.31807999999998]
[0.0, 0.0, 53.95130074074073]
[0.0, 0.0, 45.89925925925925]
[0.0, 0.0, 38.24063999999999]
[0.0, 0.0, 31.0541274074074]
[0.0, 0.0, 24.41840592592592]
[0.0, 0.0, 18.412159999999993]
[0.0, 0.0, 13.114074074074072]
[0.0, 0.0, 8.60283259259259]
[0.0, 0.0, 4.957119999999999]
[0.0, 0.0, 2.2556207407407403]
[0.0, 0.0, 0.5770192592592591]
[0, 0, 0]
[0, 0, 0]
[0, 0, 0]
[0, 0, 0]
[0, 0, 0]
[0, 0, 0]
[0, 0, 0]
[0, 0, 0]
[0, 0, 0]
[0, 0, 0]
[0, 0, 0]
[0, 0, 0]
[0, 0, 0]
[0, 0, 0]
[0, 0, 0]
[0, 0, 0]
[0, 0, 0]
[0, 0, 0]
[0, 0, 0]
[0, 0, 0]
[0, 0, 0]
[0, 0, 0]
[0, 0, 0]
[0, 0, 0]
[0, 0, 0]
[0, 0, 0]
[0, 0, 0]
[0, 0, 0]
[0, 0, 0]
[0, 0, 0]
