30
10
[0.0, 0.0, 100.0]
[0.0, 0.0, 99.67407407407404]
[0.0, 0.0, 98.7259259259259]
[0.0, 0.0, 97.19999999999999]
[0.0, 0.0, 95.14074074074071]
[0.0, 0.0, 92.59259259259257]
[0.0, 0.0, 89.6]
[0.0, 0.0, 86.20740740740739]
[0.0, 0.0, 82.45925925925924]
[0.0, 0.0, 78.39999999999999]
[0.0, 0.0, 74.07407407407405]
[0.0, 0.0, 69.52592592592592]
[0.0, 0.0, 64.8]
[0.0, 0.0, 59.940740740740736]
[0.0, 0.0, 54.99259259259259]
[0.0, 0.0, 50.0]
[0.0, 0.0, 45.0074074074074]
[0.0, 0.0, 40.05925925925925]
[0.0, 0.0, 35.2]
[0.0, 0.0, 30.474074074074068]
[0.0, 0.0, 25.92592592592592]
[0.0, 0.0, 21.6]
[0.0, 0.0, 17.540740740740738]
[0.0, 0.0, 13.792592592592591]
[0.0, 0.0, 10.4]
[0.0, 0.0, 7.4074074074074066]
[0.0, 0.0, 4.859259259259259]
[0.0, 0.0, 2.8]
[0.0, 0.0, 1.274074074074074]
[0.0, 0.0, 0.3259259259259259]
[0, 0, 0]
[0, 0, 0]
[0, 0, 0]
[0, 0, 0]
[0, 0, 0]
[0, 0, 0]
[0, 0, 0]
[0, 0, 0]
[0, 0, 0]
[0, 0, 0]
[0, 0, 0]
[0, 0, 0]
[0, 0, 0]
[0, 0, 0]
[0, 0, 0]
[0, 0, 0]
[0, 0, 0]
[0, 0, 0]
[0, 0, 0]
[0, 0, 0]
[0, 0, 0]
[0, 0, 0]
[0, 0, 0]
[0, 0, 0]
[0, 0, 0]
[0, 0, 0]
[0, 0, 0]
[0, 0, 0]
[0, 0, 0]
[0, 0, 0]
