137
10
[20.0, 23.0, 210.0]
[20.0, 23.0, 209.56204379562044]
[20.0, 23.0, 209.12408759124088]
[20.0, 23.0, 208.68613138686132]
[20.0, 23.0, 208.24817518248176]
[20.0, 23.0, 207.8102189781022]
[20.0, 23.0, 207.37226277372264]
[20.0, 23.0, 206.93430656934308]
[20.0, 23.0, 206.4963503649635]
[20.0, 23.0, 206.05839416058393]
[20.0, 23.0, 205.62043795620437]
[20.0, 23.0, 205.1824817518248]
[20.0, 23.0, 204.74452554744525]
[20.0, 23.0, 204.3065693430657]
[20.0, 23.0, 203.86861313868613]
[20.0, 23.0, 203.43065693430657]
[20.0, 23.0, 202.992700729927]
[20.0, 23.0, 202.55474452554745]
[20.0, 23.0, 202.1167883211679]
[20.0, 23.0, 201.67883211678833]
[20.0, 23.0, 201.24087591240877]
[20.0, 23.0, 200.8029197080292]
[20.0, 23.0, 200.36496350364965]
[20.0, 23.0, 199.9270072992701]
[20.0, 23.0, 199.4890510948905]
[20.0, 23.0, 199.05109489051094]
[20.0, 23.0, 198.61313868613138]
[20.0, 23.0, 198.17518248175182]
[20.0, 23.0, 197.73722627737226]
[20.0, 23.0, 197.2992700729927]
[20.0, 23.0, 196.86131386861314]
[20.0, 23.0, 196.42335766423358]
[20.0, 23.0, 195.98540145985402]
[20.0, 23.0, 195.54744525547446]
[20.0, 23.0, 195.1094890510949]
[20.0, 23.0, 194.67153284671534]
[20.0, 23.0, 194.23357664233578]
[20.0, 23.0, 193.7956204379562]
[20.0, 23.0, 193.35766423357666]
[20.0, 23.0, 192.91970802919707]
[20.0, 23.0, 192.4817518248175]
[20.0, 23.0, 192.04379562043795]
[20.0, 23.0, 191.6058394160584]
[20.0, 23.0, 191.16788321167883]
[20.0, 23.0, 190.72992700729927]
[20.0, 23.0, 190.2919708029197]
[20.0, 23.0, 189.85401459854015]
[20.0, 23.0, 189.4160583941606]
[20.0, 23.0, 188.97810218978103]
[20.0, 23.0, 188.54014598540147]
[20.0, 23.0, 188.1021897810219]
[20.0, 23.0, 187.66423357664235]
[20.0, 23.0, 187.22627737226276]
[20.0, 23.0, 186.78832116788323]
[20.0, 23.0, 186.35036496350364]
[20.0, 23.0, 185.91240875912408]
[20.0, 23.0, 185.47445255474452]
[20.0, 23.0, 185.03649635036496]
[20.0, 23.0, 184.5985401459854]
[20.0, 23.0, 184.16058394160584]
[20.0, 23.0, 183.72262773722628]
[20.0, 23.0, 183.28467153284672]
[20.0, 23.0, 182.84671532846716]
[20.0, 23.0, 182.4087591240876]
[20.0, 23.0, 181.97080291970804]
[20.0, 23.0, 181.53284671532847]
[20.0, 23.0, 181.09489051094891]
[20.0, 23.0, 180.65693430656933]
[20.0, 23.0, 180.2189781021898]
[20.0, 23.0, 179.7810218978102]
[20.0, 23.0, 179.34306569343065]
[20.0, 23.0, 178.90510948905109]
[20.0, 23.0, 178.46715328467153]
[20.0, 23.0, 178.02919708029196]
[20.0, 23.0, 177.5912408759124]
[20.0, 23.0, 177.15328467153284]
[20.0, 23.0, 176.71532846715328]
[20.0, 23.0, 176.27737226277372]
[20.0, 23.0, 175.83941605839416]
[20.0, 23.0, 175.4014598540146]
[20.0, 23.0, 174.96350364963504]
[20.0, 23.0, 174.52554744525548]
[20.0, 23.0, 174.0875912408759]
[20.0, 23.0, 173.64963503649636]
[20.0, 23.0, 173.21167883211677]
[20.0, 23.0, 172.77372262773721]
[20.0, 23.0, 172.33576642335765]
[20.0, 23.0, 171.8978102189781]
[20.0, 23.0, 171.45985401459853]
[20.0, 23.0, 171.02189781021897]
[20.0, 23.0, 170.5839416058394]
[20.0, 23.0, 170.14598540145985]
[20.0, 23.0, 169.7080291970803]
[20.0, 23.0, 169.27007299270073]
[20.0, 23.0, 168.83211678832117]
[20.0, 23.0, 168.3941605839416]
[20.0, 23.0, 167.95620437956205]
[20.0, 23.0, 167.51824817518246]
[20.0, 23.0, 167.08029197080293]
[20.0, 23.0, 166.64233576642334]
[20.0, 23.0, 166.20437956204378]
[20.0, 23.0, 165.76642335766422]
[20.0, 23.0, 165.32846715328466]
[20.0, 23.0, 164.8905109489051]
[20.0, 23.0, 164.45255474452554]
[20.0, 23.0, 164.01459854014598]
[20.0, 23.0, 163.57664233576642]
[20.0, 23.0, 163.13868613138686]
[20.0, 23.0, 162.7007299270073]
[20.0, 23.0, 162.26277372262774]
[20.0, 23.0, 161.82481751824818]
[20.0, 23.0, 161.38686131386862]
[20.0, 23.0, 160.94890510948903]
[20.0, 23.0, 160.5109489051095]
[20.0, 23.0, 160.0729927007299]
[20.0, 23.0, 159.63503649635035]
[20.0, 23.0, 159.1970802919708]
[20.0, 23.0, 158.75912408759123]
[20.0, 23.0, 158.32116788321167]
[20.0, 23.0, 157.8832116788321]
[20.0, 23.0, 157.44525547445255]
[20.0, 23.0, 157.007299270073]
[20.0, 23.0, 156.56934306569343]
[20.0, 23.0, 156.13138686131387]
[20.0, 23.0, 155.6934306569343]
[20.0, 23.0, 155.25547445255475]
[20.0, 23.0, 154.8175182481752]
[20.0, 23.0, 154.3795620437956]
[20.0, 23.0, 153.94160583941607]
[20.0, 23.0, 153.50364963503648]
[20.0, 23.0, 153.06569343065692]
[20.0, 23.0, 152.62773722627736]
[20.0, 23.0, 152.1897810218978]
[20.0, 23.0, 151.75182481751824]
[20.0, 23.0, 151.31386861313868]
[20.0, 23.0, 150.87591240875912]
[20.0, 23.0, 150.43795620437956]
[0, 0, 0]
[0, 0, 0]
[0, 0, 0]
[0, 0, 0]
[0, 0, 0]
[0, 0, 0]
[0, 0, 0]
[0, 0, 0]
[0, 0, 0]
[0, 0, 0]
[0, 0, 0]
[0, 0, 0]
[0, 0, 0]
[0, 0, 0]
[0, 0, 0]
[0, 0, 0]
[0, 0, 0]
[0, 0, 0]
[0, 0, 0]
[0, 0, 0]
[0, 0, 0]
[0, 0, 0]
[0, 0, 0]
[0, 0, 0]
[0, 0, 0]
[0, 0, 0]
[0, 0, 0]
[0, 0, 0]
[0, 0, 0]
[0, 0, 0]
[0, 0, 0]
[0, 0, 0]
[0, 0, 0]
[0, 0, 0]
[0, 0, 0]
[0, 0, 0]
[0, 0, 0]
[0, 0, 0]
[0, 0, 0]
[0, 0, 0]
[0, 0, 0]
[0, 0, 0]
[0, 0, 0]
[0, 0, 0]
[0, 0, 0]
[0, 0, 0]
[0, 0, 0]
[0, 0, 0]
[0, 0, 0]
[0, 0, 0]
[0, 0, 0]
[0, 0, 0]
[0, 0, 0]
[0, 0, 0]
[0, 0, 0]
[0, 0, 0]
[0, 0, 0]
[0, 0, 0]
[0, 0, 0]
[0, 0, 0]
[0, 0, 0]
[0, 0, 0]
[0, 0, 0]
[0, 0, 0]
[0, 0, 0]
[0, 0, 0]
[0, 0, 0]
[0, 0, 0]
[0, 0, 0]
[0, 0, 0]
[0, 0, 0]
[0, 0, 0]
[0, 0, 0]
[0, 0, 0]
[0, 0, 0]
[0, 0, 0]
[0, 0, 0]
[0, 0, 0]
[0, 0, 0]
[0, 0, 0]
[0, 0, 0]
[0, 0, 0]
[0, 0, 0]
[0, 0, 0]
[0, 0, 0]
[0, 0, 0]
[0, 0, 0]
[0, 0, 0]
[0, 0, 0]
[0, 0, 0]
[0, 0, 0]
[0, 0, 0]
[0, 0, 0]
[0, 0, 0]
[0, 0, 0]
[0, 0, 0]
[0, 0, 0]
[0, 0, 0]
[0, 0, 0]
[0, 0, 0]
[0, 0, 0]
[0, 0, 0]
[0, 0, 0]
[0, 0, 0]
[0, 0, 0]
[0, 0, 0]
[0, 0, 0]
[0, 0, 0]
[0, 0, 0]
[0, 0, 0]
[0, 0, 0]
[0, 0, 0]
[0, 0, 0]
[0, 0, 0]
[0, 0, 0]
[0, 0, 0]
[0, 0, 0]
[0, 0, 0]
[0, 0, 0]
[0, 0, 0]
[0, 0, 0]
[0, 0, 0]
[0, 0, 0]
[0, 0, 0]
[0, 0, 0]
[0, 0, 0]
[0, 0, 0]
[0, 0, 0]
[0, 0, 0]
[0, 0, 0]
[0, 0, 0]
[0, 0, 0]
[0, 0, 0]
[0, 0, 0]
[0, 0, 0]
[0, 0, 0]
[0, 0, 0]
