30
10
[20.0, 23.0, -350.0]
[20.0, 23.0, -353.3333333333333]
[20.0, 23.0, -356.6666666666667]
[20.0, 23.0, -360.0]
[20.0, 23.0, -363.3333333333333]
[20.0, 23.0, -366.6666666666667]
[20.0, 23.0, -370.0]
[20.0, 23.0, -373.3333333333333]
[20.0, 23.0, -376.6666666666667]
[20.0, 23.0, -380.0]
[20.0, 23.0, -383.3333333333333]
[20.0, 23.0, -386.6666666666667]
[20.0, 23.0, -390.0]
[20.0, 23.0, -393.3333333333333]
[20.0, 23.0, -396.6666666666667]
[20.0, 23.0, -400.0]
[20.0, 23.0, -403.3333333333333]
[20.0, 23.0, -406.6666666666667]
[20.0, 23.0, -410.0]
[20.0, 23.0, -413.3333333333333]
[20.0, 23.0, -416.6666666666667]
[20.0, 23.0, -420.0]
[20.0, 23.0, -423.33333333333337]
[20.0, 23.0, -426.6666666666667]
[20.0, 23.0, -430.0]
[20.0, 23.0, -433.33333333333337]
[20.0, 23.0, -436.6666666666667]
[20.0, 23.0, -440.0]
[20.0, 23.0, -443.33333333333337]
[20.0, 23.0, -446.6666666666667]
[0, 0, 0]
[0, 0, 0]
[0, 0, 0]
[0, 0, 0]
[0, 0, 0]
[0, 0, 0]
[0, 0, 0]
[0, 0, 0]
[0, 0, 0]
[0, 0, 0]
[0, 0, 0]
[0, 0, 0]
[0, 0, 0]
[0, 0, 0]
[0, 0, 0]
[0, 0, 0]
[0, 0, 0]
[0, 0, 0]
[0, 0, 0]
[0, 0, 0]
[0, 0, 0]
[0, 0, 0]
[0, 0, 0]
[0, 0, 0]
[0, 0, 0]
[0, 0, 0]
[0, 0, 0]
[0, 0, 0]
[0, 0, 0]
[0, 0, 0]
