30
10
[20.0, 23.0, -550.0]
[20.0, 23.0, -554.6666666666666]
[20.0, 23.0, -559.3333333333334]
[20.0, 23.0, -564.0]
[20.0, 23.0, -568.6666666666666]
[20.0, 23.0, -573.3333333333334]
[20.0, 23.0, -578.0]
[20.0, 23.0, -582.6666666666666]
[20.0, 23.0, -587.3333333333334]
[20.0, 23.0, -592.0]
[20.0, 23.0, -596.6666666666666]
[20.0, 23.0, -601.3333333333334]
[20.0, 23.0, -606.0]
[20.0, 23.0, -610.6666666666666]
[20.0, 23.0, -615.3333333333334]
[20.0, 23.0, -620.0]
[20.0, 23.0, -624.6666666666666]
[20.0, 23.0, -629.3333333333334]
[20.0, 23.0, -634.0]
[20.0, 23.0, -638.6666666666666]
[20.0, 23.0, -643.3333333333334]
[20.0, 23.0, -648.0]
[20.0, 23.0, -652.6666666666666]
[20.0, 23.0, -657.3333333333334]
[20.0, 23.0, -662.0]
[20.0, 23.0, -666.6666666666666]
[20.0, 23.0, -671.3333333333334]
[20.0, 23.0, -676.0]
[20.0, 23.0, -680.6666666666667]
[20.0, 23.0, -685.3333333333334]
[0, 0, 0]
[0, 0, 0]
[0, 0, 0]
[0, 0, 0]
[0, 0, 0]
[0, 0, 0]
[0, 0, 0]
[0, 0, 0]
[0, 0, 0]
[0, 0, 0]
[0, 0, 0]
[0, 0, 0]
[0, 0, 0]
[0, 0, 0]
[0, 0, 0]
[0, 0, 0]
[0, 0, 0]
[0, 0, 0]
[0, 0, 0]
[0, 0, 0]
[0, 0, 0]
[0, 0, 0]
[0, 0, 0]
[0, 0, 0]
[0, 0, 0]
[0, 0, 0]
[0, 0, 0]
[0, 0, 0]
[0, 0, 0]
[0, 0, 0]
