197
10
[20.0, 23.0, 210.0]
[20.0, 23.0, 209.69543147208122]
[20.0, 23.0, 209.39086294416245]
[20.0, 23.0, 209.08629441624365]
[20.0, 23.0, 208.78172588832487]
[20.0, 23.0, 208.4771573604061]
[20.0, 23.0, 208.17258883248732]
[20.0, 23.0, 207.86802030456852]
[20.0, 23.0, 207.56345177664974]
[20.0, 23.0, 207.25888324873097]
[20.0, 23.0, 206.9543147208122]
[20.0, 23.0, 206.6497461928934]
[20.0, 23.0, 206.3451776649746]
[20.0, 23.0, 206.04060913705584]
[20.0, 23.0, 205.73604060913706]
[20.0, 23.0, 205.43147208121826]
[20.0, 23.0, 205.12690355329948]
[20.0, 23.0, 204.8223350253807]
[20.0, 23.0, 204.51776649746193]
[20.0, 23.0, 204.21319796954316]
[20.0, 23.0, 203.90862944162436]
[20.0, 23.0, 203.60406091370558]
[20.0, 23.0, 203.2994923857868]
[20.0, 23.0, 202.99492385786803]
[20.0, 23.0, 202.69035532994923]
[20.0, 23.0, 202.38578680203045]
[20.0, 23.0, 202.08121827411168]
[20.0, 23.0, 201.7766497461929]
[20.0, 23.0, 201.4720812182741]
[20.0, 23.0, 201.16751269035532]
[20.0, 23.0, 200.86294416243655]
[20.0, 23.0, 200.55837563451777]
[20.0, 23.0, 200.25380710659897]
[20.0, 23.0, 199.9492385786802]
[20.0, 23.0, 199.64467005076142]
[20.0, 23.0, 199.34010152284264]
[20.0, 23.0, 199.03553299492387]
[20.0, 23.0, 198.73096446700507]
[20.0, 23.0, 198.4263959390863]
[20.0, 23.0, 198.12182741116752]
[20.0, 23.0, 197.81725888324874]
[20.0, 23.0, 197.51269035532994]
[20.0, 23.0, 197.20812182741116]
[20.0, 23.0, 196.9035532994924]
[20.0, 23.0, 196.5989847715736]
[20.0, 23.0, 196.2944162436548]
[20.0, 23.0, 195.98984771573603]
[20.0, 23.0, 195.68527918781726]
[20.0, 23.0, 195.38071065989848]
[20.0, 23.0, 195.07614213197968]
[20.0, 23.0, 194.7715736040609]
[20.0, 23.0, 194.46700507614213]
[20.0, 23.0, 194.16243654822335]
[20.0, 23.0, 193.85786802030458]
[20.0, 23.0, 193.55329949238578]
[20.0, 23.0, 193.248730964467]
[20.0, 23.0, 192.94416243654823]
[20.0, 23.0, 192.63959390862945]
[20.0, 23.0, 192.33502538071065]
[20.0, 23.0, 192.03045685279187]
[20.0, 23.0, 191.7258883248731]
[20.0, 23.0, 191.42131979695432]
[20.0, 23.0, 191.11675126903555]
[20.0, 23.0, 190.81218274111674]
[20.0, 23.0, 190.50761421319797]
[20.0, 23.0, 190.2030456852792]
[20.0, 23.0, 189.8984771573604]
[20.0, 23.0, 189.59390862944161]
[20.0, 23.0, 189.28934010152284]
[20.0, 23.0, 188.98477157360406]
[20.0, 23.0, 188.6802030456853]
[20.0, 23.0, 188.37563451776649]
[20.0, 23.0, 188.0710659898477]
[20.0, 23.0, 187.76649746192894]
[20.0, 23.0, 187.46192893401016]
[20.0, 23.0, 187.15736040609136]
[20.0, 23.0, 186.85279187817258]
[20.0, 23.0, 186.5482233502538]
[20.0, 23.0, 186.24365482233503]
[20.0, 23.0, 185.93908629441626]
[20.0, 23.0, 185.63451776649745]
[20.0, 23.0, 185.32994923857868]
[20.0, 23.0, 185.0253807106599]
[20.0, 23.0, 184.7208121827411]
[20.0, 23.0, 184.41624365482232]
[20.0, 23.0, 184.11167512690355]
[20.0, 23.0, 183.80710659898477]
[20.0, 23.0, 183.502538071066]
[20.0, 23.0, 183.1979695431472]
[20.0, 23.0, 182.89340101522842]
[20.0, 23.0, 182.58883248730965]
[20.0, 23.0, 182.28426395939087]
[20.0, 23.0, 181.97969543147207]
[20.0, 23.0, 181.6751269035533]
[20.0, 23.0, 181.37055837563452]
[20.0, 23.0, 181.06598984771574]
[20.0, 23.0, 180.76142131979697]
[20.0, 23.0, 180.45685279187816]
[20.0, 23.0, 180.1522842639594]
[20.0, 23.0, 179.8477157360406]
[20.0, 23.0, 179.5431472081218]
[20.0, 23.0, 179.23857868020303]
[20.0, 23.0, 178.93401015228426]
[20.0, 23.0, 178.62944162436548]
[20.0, 23.0, 178.3248730964467]
[20.0, 23.0, 178.0203045685279]
[20.0, 23.0, 177.71573604060913]
[20.0, 23.0, 177.41116751269035]
[20.0, 23.0, 177.10659898477158]
[20.0, 23.0, 176.80203045685278]
[20.0, 23.0, 176.497461928934]
[20.0, 23.0, 176.19289340101523]
[20.0, 23.0, 175.88832487309645]
[20.0, 23.0, 175.58375634517768]
[20.0, 23.0, 175.27918781725887]
[20.0, 23.0, 174.9746192893401]
[20.0, 23.0, 174.67005076142132]
[20.0, 23.0, 174.36548223350252]
[20.0, 23.0, 174.06091370558374]
[20.0, 23.0, 173.75634517766497]
[20.0, 23.0, 173.4517766497462]
[20.0, 23.0, 173.14720812182742]
[20.0, 23.0, 172.84263959390864]
[20.0, 23.0, 172.53807106598984]
[20.0, 23.0, 172.23350253807106]
[20.0, 23.0, 171.9289340101523]
[20.0, 23.0, 171.6243654822335]
[20.0, 23.0, 171.3197969543147]
[20.0, 23.0, 171.01522842639594]
[20.0, 23.0, 170.71065989847716]
[20.0, 23.0, 170.40609137055839]
[20.0, 23.0, 170.10152284263958]
[20.0, 23.0, 169.7969543147208]
[20.0, 23.0, 169.49238578680203]
[20.0, 23.0, 169.18781725888323]
[20.0, 23.0, 168.88324873096445]
[20.0, 23.0, 168.57868020304568]
[20.0, 23.0, 168.2741116751269]
[20.0, 23.0, 167.96954314720813]
[20.0, 23.0, 167.66497461928935]
[20.0, 23.0, 167.36040609137055]
[20.0, 23.0, 167.05583756345177]
[20.0, 23.0, 166.751269035533]
[20.0, 23.0, 166.4467005076142]
[20.0, 23.0, 166.14213197969542]
[20.0, 23.0, 165.83756345177665]
[20.0, 23.0, 165.53299492385787]
[20.0, 23.0, 165.2284263959391]
[20.0, 23.0, 164.9238578680203]
[20.0, 23.0, 164.61928934010152]
[20.0, 23.0, 164.31472081218274]
[20.0, 23.0, 164.01015228426394]
[20.0, 23.0, 163.70558375634516]
[20.0, 23.0, 163.4010152284264]
[20.0, 23.0, 163.0964467005076]
[20.0, 23.0, 162.79187817258884]
[20.0, 23.0, 162.48730964467006]
[20.0, 23.0, 162.18274111675126]
[20.0, 23.0, 161.87817258883248]
[20.0, 23.0, 161.5736040609137]
[20.0, 23.0, 161.2690355329949]
[20.0, 23.0, 160.96446700507613]
[20.0, 23.0, 160.65989847715736]
[20.0, 23.0, 160.35532994923858]
[20.0, 23.0, 160.0507614213198]
[20.0, 23.0, 159.746192893401]
[20.0, 23.0, 159.44162436548223]
[20.0, 23.0, 159.13705583756345]
[20.0, 23.0, 158.83248730964465]
[20.0, 23.0, 158.52791878172587]
[20.0, 23.0, 158.2233502538071]
[20.0, 23.0, 157.91878172588832]
[20.0, 23.0, 157.61421319796955]
[20.0, 23.0, 157.30964467005077]
[20.0, 23.0, 157.00507614213197]
[20.0, 23.0, 156.7005076142132]
[20.0, 23.0, 156.39593908629442]
[20.0, 23.0, 156.09137055837562]
[20.0, 23.0, 155.78680203045684]
[20.0, 23.0, 155.48223350253807]
[20.0, 23.0, 155.1776649746193]
[20.0, 23.0, 154.87309644670052]
[20.0, 23.0, 154.5685279187817]
[20.0, 23.0, 154.26395939086294]
[20.0, 23.0, 153.95939086294416]
[20.0, 23.0, 153.6548223350254]
[20.0, 23.0, 153.35025380710658]
[20.0, 23.0, 153.0456852791878]
[20.0, 23.0, 152.74111675126903]
[20.0, 23.0, 152.43654822335026]
[20.0, 23.0, 152.13197969543148]
[20.0, 23.0, 151.82741116751268]
[20.0, 23.0, 151.5228426395939]
[20.0, 23.0, 151.21827411167513]
[20.0, 23.0, 150.91370558375633]
[20.0, 23.0, 150.60913705583755]
[20.0, 23.0, 150.30456852791878]
[0, 0, 0]
[0, 0, 0]
[0, 0, 0]
[0, 0, 0]
[0, 0, 0]
[0, 0, 0]
[0, 0, 0]
[0, 0, 0]
[0, 0, 0]
[0, 0, 0]
[0, 0, 0]
[0, 0, 0]
[0, 0, 0]
[0, 0, 0]
[0, 0, 0]
[0, 0, 0]
[0, 0, 0]
[0, 0, 0]
[0, 0, 0]
[0, 0, 0]
[0, 0, 0]
[0, 0, 0]
[0, 0, 0]
[0, 0, 0]
[0, 0, 0]
[0, 0, 0]
[0, 0, 0]
[0, 0, 0]
[0, 0, 0]
[0, 0, 0]
[0, 0, 0]
[0, 0, 0]
[0, 0, 0]
[0, 0, 0]
[0, 0, 0]
[0, 0, 0]
[0, 0, 0]
[0, 0, 0]
[0, 0, 0]
[0, 0, 0]
[0, 0, 0]
[0, 0, 0]
[0, 0, 0]
[0, 0, 0]
[0, 0, 0]
[0, 0, 0]
[0, 0, 0]
[0, 0, 0]
[0, 0, 0]
[0, 0, 0]
[0, 0, 0]
[0, 0, 0]
[0, 0, 0]
[0, 0, 0]
[0, 0, 0]
[0, 0, 0]
[0, 0, 0]
[0, 0, 0]
[0, 0, 0]
[0, 0, 0]
[0, 0, 0]
[0, 0, 0]
[0, 0, 0]
[0, 0, 0]
[0, 0, 0]
[0, 0, 0]
[0, 0, 0]
[0, 0, 0]
[0, 0, 0]
[0, 0, 0]
[0, 0, 0]
[0, 0, 0]
[0, 0, 0]
[0, 0, 0]
[0, 0, 0]
[0, 0, 0]
[0, 0, 0]
[0, 0, 0]
[0, 0, 0]
[0, 0, 0]
[0, 0, 0]
[0, 0, 0]
[0, 0, 0]
[0, 0, 0]
[0, 0, 0]
[0, 0, 0]
[0, 0, 0]
[0, 0, 0]
[0, 0, 0]
[0, 0, 0]
[0, 0, 0]
[0, 0, 0]
[0, 0, 0]
[0, 0, 0]
[0, 0, 0]
[0, 0, 0]
[0, 0, 0]
[0, 0, 0]
[0, 0, 0]
[0, 0, 0]
[0, 0, 0]
[0, 0, 0]
[0, 0, 0]
[0, 0, 0]
[0, 0, 0]
[0, 0, 0]
[0, 0, 0]
[0, 0, 0]
[0, 0, 0]
[0, 0, 0]
[0, 0, 0]
[0, 0, 0]
[0, 0, 0]
[0, 0, 0]
[0, 0, 0]
[0, 0, 0]
[0, 0, 0]
[0, 0, 0]
[0, 0, 0]
[0, 0, 0]
[0, 0, 0]
[0, 0, 0]
[0, 0, 0]
[0, 0, 0]
[0, 0, 0]
[0, 0, 0]
[0, 0, 0]
[0, 0, 0]
[0, 0, 0]
[0, 0, 0]
[0, 0, 0]
[0, 0, 0]
[0, 0, 0]
[0, 0, 0]
[0, 0, 0]
[0, 0, 0]
[0, 0, 0]
[0, 0, 0]
[0, 0, 0]
[0, 0, 0]
[0, 0, 0]
[0, 0, 0]
[0, 0, 0]
[0, 0, 0]
[0, 0, 0]
[0, 0, 0]
[0, 0, 0]
[0, 0, 0]
[0, 0, 0]
[0, 0, 0]
[0, 0, 0]
[0, 0, 0]
[0, 0, 0]
[0, 0, 0]
[0, 0, 0]
[0, 0, 0]
[0, 0, 0]
[0, 0, 0]
[0, 0, 0]
[0, 0, 0]
[0, 0, 0]
[0, 0, 0]
[0, 0, 0]
[0, 0, 0]
[0, 0, 0]
[0, 0, 0]
[0, 0, 0]
[0, 0, 0]
[0, 0, 0]
[0, 0, 0]
[0, 0, 0]
[0, 0, 0]
[0, 0, 0]
[0, 0, 0]
[0, 0, 0]
[0, 0, 0]
[0, 0, 0]
[0, 0, 0]
[0, 0, 0]
[0, 0, 0]
[0, 0, 0]
[0, 0, 0]
[0, 0, 0]
[0, 0, 0]
[0, 0, 0]
[0, 0, 0]
[0, 0, 0]
[0, 0, 0]
[0, 0, 0]
[0, 0, 0]
[0, 0, 0]
[0, 0, 0]
[0, 0, 0]
[0, 0, 0]
[0, 0, 0]
[0, 0, 0]
[0, 0, 0]
