30
10
[20.0, 23.0, -1450.0]
[20.0, 23.0, -1453.3333333333333]
[20.0, 23.0, -1456.6666666666667]
[20.0, 23.0, -1460.0]
[20.0, 23.0, -1463.3333333333333]
[20.0, 23.0, -1466.6666666666667]
[20.0, 23.0, -1470.0]
[20.0, 23.0, -1473.3333333333333]
[20.0, 23.0, -1476.6666666666667]
[20.0, 23.0, -1480.0]
[20.0, 23.0, -1483.3333333333333]
[20.0, 23.0, -1486.6666666666667]
[20.0, 23.0, -1490.0]
[20.0, 23.0, -1493.3333333333333]
[20.0, 23.0, -1496.6666666666667]
[20.0, 23.0, -1500.0]
[20.0, 23.0, -1503.3333333333333]
[20.0, 23.0, -1506.6666666666667]
[20.0, 23.0, -1510.0]
[20.0, 23.0, -1513.3333333333333]
[20.0, 23.0, -1516.6666666666667]
[20.0, 23.0, -1520.0]
[20.0, 23.0, -1523.3333333333333]
[20.0, 23.0, -1526.6666666666667]
[20.0, 23.0, -1530.0]
[20.0, 23.0, -1533.3333333333333]
[20.0, 23.0, -1536.6666666666667]
[20.0, 23.0, -1540.0]
[20.0, 23.0, -1543.3333333333333]
[20.0, 23.0, -1546.6666666666667]
[0, 0, 0]
[0, 0, 0]
[0, 0, 0]
[0, 0, 0]
[0, 0, 0]
[0, 0, 0]
[0, 0, 0]
[0, 0, 0]
[0, 0, 0]
[0, 0, 0]
[0, 0, 0]
[0, 0, 0]
[0, 0, 0]
[0, 0, 0]
[0, 0, 0]
[0, 0, 0]
[0, 0, 0]
[0, 0, 0]
[0, 0, 0]
[0, 0, 0]
[0, 0, 0]
[0, 0, 0]
[0, 0, 0]
[0, 0, 0]
[0, 0, 0]
[0, 0, 0]
[0, 0, 0]
[0, 0, 0]
[0, 0, 0]
[0, 0, 0]
