30
10
[20.0, 23.0, -690.0]
[20.0, 23.0, -692.0]
[20.0, 23.0, -694.0]
[20.0, 23.0, -696.0]
[20.0, 23.0, -698.0]
[20.0, 23.0, -700.0]
[20.0, 23.0, -702.0]
[20.0, 23.0, -704.0]
[20.0, 23.0, -706.0]
[20.0, 23.0, -708.0]
[20.0, 23.0, -710.0]
[20.0, 23.0, -712.0]
[20.0, 23.0, -714.0]
[20.0, 23.0, -716.0]
[20.0, 23.0, -718.0]
[20.0, 23.0, -720.0]
[20.0, 23.0, -722.0]
[20.0, 23.0, -724.0]
[20.0, 23.0, -726.0]
[20.0, 23.0, -728.0]
[20.0, 23.0, -730.0]
[20.0, 23.0, -732.0]
[20.0, 23.0, -734.0]
[20.0, 23.0, -736.0]
[20.0, 23.0, -738.0]
[20.0, 23.0, -740.0]
[20.0, 23.0, -742.0]
[20.0, 23.0, -744.0]
[20.0, 23.0, -746.0]
[20.0, 23.0, -748.0]
[0, 0, 0]
[0, 0, 0]
[0, 0, 0]
[0, 0, 0]
[0, 0, 0]
[0, 0, 0]
[0, 0, 0]
[0, 0, 0]
[0, 0, 0]
[0, 0, 0]
[0, 0, 0]
[0, 0, 0]
[0, 0, 0]
[0, 0, 0]
[0, 0, 0]
[0, 0, 0]
[0, 0, 0]
[0, 0, 0]
[0, 0, 0]
[0, 0, 0]
[0, 0, 0]
[0, 0, 0]
[0, 0, 0]
[0, 0, 0]
[0, 0, 0]
[0, 0, 0]
[0, 0, 0]
[0, 0, 0]
[0, 0, 0]
[0, 0, 0]
