30
10
[20.0, 23.0, -1150.0]
[20.0, 23.0, -1153.3333333333333]
[20.0, 23.0, -1156.6666666666667]
[20.0, 23.0, -1160.0]
[20.0, 23.0, -1163.3333333333333]
[20.0, 23.0, -1166.6666666666667]
[20.0, 23.0, -1170.0]
[20.0, 23.0, -1173.3333333333333]
[20.0, 23.0, -1176.6666666666667]
[20.0, 23.0, -1180.0]
[20.0, 23.0, -1183.3333333333333]
[20.0, 23.0, -1186.6666666666667]
[20.0, 23.0, -1190.0]
[20.0, 23.0, -1193.3333333333333]
[20.0, 23.0, -1196.6666666666667]
[20.0, 23.0, -1200.0]
[20.0, 23.0, -1203.3333333333333]
[20.0, 23.0, -1206.6666666666667]
[20.0, 23.0, -1210.0]
[20.0, 23.0, -1213.3333333333333]
[20.0, 23.0, -1216.6666666666667]
[20.0, 23.0, -1220.0]
[20.0, 23.0, -1223.3333333333333]
[20.0, 23.0, -1226.6666666666667]
[20.0, 23.0, -1230.0]
[20.0, 23.0, -1233.3333333333333]
[20.0, 23.0, -1236.6666666666667]
[20.0, 23.0, -1240.0]
[20.0, 23.0, -1243.3333333333333]
[20.0, 23.0, -1246.6666666666667]
[0, 0, 0]
[0, 0, 0]
[0, 0, 0]
[0, 0, 0]
[0, 0, 0]
[0, 0, 0]
[0, 0, 0]
[0, 0, 0]
[0, 0, 0]
[0, 0, 0]
[0, 0, 0]
[0, 0, 0]
[0, 0, 0]
[0, 0, 0]
[0, 0, 0]
[0, 0, 0]
[0, 0, 0]
[0, 0, 0]
[0, 0, 0]
[0, 0, 0]
[0, 0, 0]
[0, 0, 0]
[0, 0, 0]
[0, 0, 0]
[0, 0, 0]
[0, 0, 0]
[0, 0, 0]
[0, 0, 0]
[0, 0, 0]
[0, 0, 0]
