30
10
[20.0, 23.0, 50.0]
[20.0, 23.0, 46.666666666666664]
[20.0, 23.0, 43.333333333333336]
[20.0, 23.0, 40.0]
[20.0, 23.0, 36.666666666666664]
[20.0, 23.0, 33.33333333333333]
[20.0, 23.0, 30.0]
[20.0, 23.0, 26.666666666666664]
[20.0, 23.0, 23.333333333333332]
[20.0, 23.0, 20.0]
[20.0, 23.0, 16.666666666666664]
[20.0, 23.0, 13.333333333333329]
[20.0, 23.0, 10.0]
[20.0, 23.0, 6.666666666666664]
[20.0, 23.0, 3.3333333333333286]
[20.0, 23.0, 0.0]
[20.0, 23.0, -3.3333333333333357]
[20.0, 23.0, -6.666666666666671]
[20.0, 23.0, -10.0]
[20.0, 23.0, -13.333333333333336]
[20.0, 23.0, -16.66666666666667]
[20.0, 23.0, -20.0]
[20.0, 23.0, -23.333333333333343]
[20.0, 23.0, -26.66666666666667]
[20.0, 23.0, -30.0]
[20.0, 23.0, -33.33333333333334]
[20.0, 23.0, -36.66666666666667]
[20.0, 23.0, -40.0]
[20.0, 23.0, -43.33333333333334]
[20.0, 23.0, -46.66666666666667]
[0, 0, 0]
[0, 0, 0]
[0, 0, 0]
[0, 0, 0]
[0, 0, 0]
[0, 0, 0]
[0, 0, 0]
[0, 0, 0]
[0, 0, 0]
[0, 0, 0]
[0, 0, 0]
[0, 0, 0]
[0, 0, 0]
[0, 0, 0]
[0, 0, 0]
[0, 0, 0]
[0, 0, 0]
[0, 0, 0]
[0, 0, 0]
[0, 0, 0]
[0, 0, 0]
[0, 0, 0]
[0, 0, 0]
[0, 0, 0]
[0, 0, 0]
[0, 0, 0]
[0, 0, 0]
[0, 0, 0]
[0, 0, 0]
[0, 0, 0]
