30
10
[20.0, 23.0, -250.0]
[20.0, 23.0, -253.33333333333334]
[20.0, 23.0, -256.6666666666667]
[20.0, 23.0, -260.0]
[20.0, 23.0, -263.3333333333333]
[20.0, 23.0, -266.6666666666667]
[20.0, 23.0, -270.0]
[20.0, 23.0, -273.3333333333333]
[20.0, 23.0, -276.6666666666667]
[20.0, 23.0, -280.0]
[20.0, 23.0, -283.3333333333333]
[20.0, 23.0, -286.6666666666667]
[20.0, 23.0, -290.0]
[20.0, 23.0, -293.3333333333333]
[20.0, 23.0, -296.6666666666667]
[20.0, 23.0, -300.0]
[20.0, 23.0, -303.3333333333333]
[20.0, 23.0, -306.6666666666667]
[20.0, 23.0, -310.0]
[20.0, 23.0, -313.3333333333333]
[20.0, 23.0, -316.6666666666667]
[20.0, 23.0, -320.0]
[20.0, 23.0, -323.33333333333337]
[20.0, 23.0, -326.6666666666667]
[20.0, 23.0, -330.0]
[20.0, 23.0, -333.33333333333337]
[20.0, 23.0, -336.6666666666667]
[20.0, 23.0, -340.0]
[20.0, 23.0, -343.33333333333337]
[20.0, 23.0, -346.6666666666667]
[0, 0, 0]
[0, 0, 0]
[0, 0, 0]
[0, 0, 0]
[0, 0, 0]
[0, 0, 0]
[0, 0, 0]
[0, 0, 0]
[0, 0, 0]
[0, 0, 0]
[0, 0, 0]
[0, 0, 0]
[0, 0, 0]
[0, 0, 0]
[0, 0, 0]
[0, 0, 0]
[0, 0, 0]
[0, 0, 0]
[0, 0, 0]
[0, 0, 0]
[0, 0, 0]
[0, 0, 0]
[0, 0, 0]
[0, 0, 0]
[0, 0, 0]
[0, 0, 0]
[0, 0, 0]
[0, 0, 0]
[0, 0, 0]
[0, 0, 0]
