30
10
[20.0, 23.0, 387.03999999999996]
[20.0, 23.0, 381.1386666666666]
[20.0, 23.0, 375.2373333333333]
[20.0, 23.0, 369.33599999999996]
[20.0, 23.0, 363.43466666666666]
[20.0, 23.0, 357.5333333333333]
[20.0, 23.0, 351.63199999999995]
[20.0, 23.0, 345.73066666666665]
[20.0, 23.0, 339.8293333333333]
[20.0, 23.0, 333.928]
[20.0, 23.0, 328.02666666666664]
[20.0, 23.0, 322.1253333333333]
[20.0, 23.0, 316.224]
[20.0, 23.0, 310.32266666666663]
[20.0, 23.0, 304.42133333333334]
[20.0, 23.0, 298.52]
[20.0, 23.0, 292.6186666666666]
[20.0, 23.0, 286.71733333333333]
[20.0, 23.0, 280.816]
[20.0, 23.0, 274.9146666666667]
[20.0, 23.0, 269.0133333333333]
[20.0, 23.0, 263.11199999999997]
[20.0, 23.0, 257.21066666666667]
[20.0, 23.0, 251.30933333333334]
[20.0, 23.0, 245.40800000000002]
[20.0, 23.0, 239.50666666666666]
[20.0, 23.0, 233.60533333333333]
[20.0, 23.0, 227.704]
[20.0, 23.0, 221.80266666666668]
[20.0, 23.0, 215.90133333333335]
[0, 0, 0]
[0, 0, 0]
[0, 0, 0]
[0, 0, 0]
[0, 0, 0]
[0, 0, 0]
[0, 0, 0]
[0, 0, 0]
[0, 0, 0]
[0, 0, 0]
[0, 0, 0]
[0, 0, 0]
[0, 0, 0]
[0, 0, 0]
[0, 0, 0]
[0, 0, 0]
[0, 0, 0]
[0, 0, 0]
[0, 0, 0]
[0, 0, 0]
[0, 0, 0]
[0, 0, 0]
[0, 0, 0]
[0, 0, 0]
[0, 0, 0]
[0, 0, 0]
[0, 0, 0]
[0, 0, 0]
[0, 0, 0]
[0, 0, 0]
