30
10
[0.0, 0.0, 100.0]
[0.0, 0.0, 96.66666666666667]
[0.0, 0.0, 93.33333333333333]
[0.0, 0.0, 90.0]
[0.0, 0.0, 86.66666666666667]
[0.0, 0.0, 83.33333333333333]
[0.0, 0.0, 80.0]
[0.0, 0.0, 76.66666666666666]
[0.0, 0.0, 73.33333333333333]
[0.0, 0.0, 70.0]
[0.0, 0.0, 66.66666666666666]
[0.0, 0.0, 63.33333333333333]
[0.0, 0.0, 60.0]
[0.0, 0.0, 56.666666666666664]
[0.0, 0.0, 53.33333333333333]
[0.0, 0.0, 50.0]
[0.0, 0.0, 46.666666666666664]
[0.0, 0.0, 43.33333333333333]
[0.0, 0.0, 40.0]
[0.0, 0.0, 36.666666666666664]
[0.0, 0.0, 33.33333333333333]
[0.0, 0.0, 30.0]
[0.0, 0.0, 26.666666666666657]
[0.0, 0.0, 23.33333333333333]
[0.0, 0.0, 20.0]
[0.0, 0.0, 16.666666666666657]
[0.0, 0.0, 13.333333333333329]
[0.0, 0.0, 10.0]
[0.0, 0.0, 6.666666666666657]
[0.0, 0.0, 3.3333333333333286]
[0, 0, 0]
[0, 0, 0]
[0, 0, 0]
[0, 0, 0]
[0, 0, 0]
[0, 0, 0]
[0, 0, 0]
[0, 0, 0]
[0, 0, 0]
[0, 0, 0]
[0, 0, 0]
[0, 0, 0]
[0, 0, 0]
[0, 0, 0]
[0, 0, 0]
[0, 0, 0]
[0, 0, 0]
[0, 0, 0]
[0, 0, 0]
[0, 0, 0]
[0, 0, 0]
[0, 0, 0]
[0, 0, 0]
[0, 0, 0]
[0, 0, 0]
[0, 0, 0]
[0, 0, 0]
[0, 0, 0]
[0, 0, 0]
[0, 0, 0]
