110
10
[0.0, 0.0, 60.0]
[0.0, 0.0, 59.45454545454545]
[0.0, 0.0, 58.90909090909091]
[0.0, 0.0, 58.36363636363637]
[0.0, 0.0, 57.81818181818182]
[0.0, 0.0, 57.27272727272727]
[0.0, 0.0, 56.72727272727273]
[0.0, 0.0, 56.18181818181818]
[0.0, 0.0, 55.63636363636364]
[0.0, 0.0, 55.09090909090909]
[0.0, 0.0, 54.54545454545455]
[0.0, 0.0, 54.0]
[0.0, 0.0, 53.45454545454545]
[0.0, 0.0, 52.90909090909091]
[0.0, 0.0, 52.36363636363637]
[0.0, 0.0, 51.81818181818182]
[0.0, 0.0, 51.27272727272727]
[0.0, 0.0, 50.72727272727273]
[0.0, 0.0, 50.18181818181819]
[0.0, 0.0, 49.63636363636364]
[0.0, 0.0, 49.09090909090909]
[0.0, 0.0, 48.54545454545455]
[0.0, 0.0, 48.0]
[0.0, 0.0, 47.45454545454545]
[0.0, 0.0, 46.90909090909091]
[0.0, 0.0, 46.36363636363637]
[0.0, 0.0, 45.81818181818182]
[0.0, 0.0, 45.27272727272727]
[0.0, 0.0, 44.72727272727273]
[0.0, 0.0, 44.18181818181819]
[0.0, 0.0, 43.63636363636364]
[0.0, 0.0, 43.09090909090909]
[0.0, 0.0, 42.54545454545455]
[0.0, 0.0, 42.0]
[0.0, 0.0, 41.45454545454545]
[0.0, 0.0, 40.90909090909091]
[0.0, 0.0, 40.36363636363637]
[0.0, 0.0, 39.81818181818182]
[0.0, 0.0, 39.27272727272727]
[0.0, 0.0, 38.727272727272734]
[0.0, 0.0, 38.18181818181819]
[0.0, 0.0, 37.63636363636364]
[0.0, 0.0, 37.09090909090909]
[0.0, 0.0, 36.54545454545455]
[0.0, 0.0, 36.0]
[0.0, 0.0, 35.45454545454545]
[0.0, 0.0, 34.90909090909091]
[0.0, 0.0, 34.36363636363637]
[0.0, 0.0, 33.81818181818182]
[0.0, 0.0, 33.27272727272727]
[0.0, 0.0, 32.727272727272734]
[0.0, 0.0, 32.18181818181819]
[0.0, 0.0, 31.63636363636364]
[0.0, 0.0, 31.090909090909093]
[0.0, 0.0, 30.545454545454547]
[0.0, 0.0, 30.000000000000004]
[0.0, 0.0, 29.454545454545457]
[0.0, 0.0, 28.90909090909091]
[0.0, 0.0, 28.363636363636367]
[0.0, 0.0, 27.81818181818182]
[0.0, 0.0, 27.272727272727273]
[0.0, 0.0, 26.727272727272727]
[0.0, 0.0, 26.181818181818187]
[0.0, 0.0, 25.63636363636364]
[0.0, 0.0, 25.090909090909093]
[0.0, 0.0, 24.545454545454547]
[0.0, 0.0, 24.0]
[0.0, 0.0, 23.45454545454546]
[0.0, 0.0, 22.909090909090914]
[0.0, 0.0, 22.363636363636367]
[0.0, 0.0, 21.81818181818182]
[0.0, 0.0, 21.272727272727273]
[0.0, 0.0, 20.727272727272734]
[0.0, 0.0, 20.181818181818187]
[0.0, 0.0, 19.63636363636364]
[0.0, 0.0, 19.090909090909093]
[0.0, 0.0, 18.545454545454547]
[0.0, 0.0, 18.0]
[0.0, 0.0, 17.45454545454546]
[0.0, 0.0, 16.909090909090914]
[0.0, 0.0, 16.363636363636367]
[0.0, 0.0, 15.81818181818182]
[0.0, 0.0, 15.272727272727273]
[0.0, 0.0, 14.727272727272734]
[0.0, 0.0, 14.181818181818187]
[0.0, 0.0, 13.63636363636364]
[0.0, 0.0, 13.090909090909093]
[0.0, 0.0, 12.545454545454547]
[0.0, 0.0, 12.0]
[0.0, 0.0, 11.45454545454546]
[0.0, 0.0, 10.909090909090914]
[0.0, 0.0, 10.363636363636367]
[0.0, 0.0, 9.81818181818182]
[0.0, 0.0, 9.272727272727273]
[0.0, 0.0, 8.727272727272734]
[0.0, 0.0, 8.181818181818187]
[0.0, 0.0, 7.63636363636364]
[0.0, 0.0, 7.0909090909090935]
[0.0, 0.0, 6.545454545454547]
[0.0, 0.0, 6.000000000000007]
[0.0, 0.0, 5.45454545454546]
[0.0, 0.0, 4.909090909090914]
[0.0, 0.0, 4.363636363636367]
[0.0, 0.0, 3.81818181818182]
[0.0, 0.0, 3.2727272727272805]
[0.0, 0.0, 2.7272727272727337]
[0.0, 0.0, 2.181818181818187]
[0.0, 0.0, 1.6363636363636402]
[0.0, 0.0, 1.0909090909090935]
[0.0, 0.0, 0.5454545454545467]
[0, 0, 0]
[0, 0, 0]
[0, 0, 0]
[0, 0, 0]
[0, 0, 0]
[0, 0, 0]
[0, 0, 0]
[0, 0, 0]
[0, 0, 0]
[0, 0, 0]
[0, 0, 0]
[0, 0, 0]
[0, 0, 0]
[0, 0, 0]
[0, 0, 0]
[0, 0, 0]
[0, 0, 0]
[0, 0, 0]
[0, 0, 0]
[0, 0, 0]
[0, 0, 0]
[0, 0, 0]
[0, 0, 0]
[0, 0, 0]
[0, 0, 0]
[0, 0, 0]
[0, 0, 0]
[0, 0, 0]
[0, 0, 0]
[0, 0, 0]
[0, 0, 0]
[0, 0, 0]
[0, 0, 0]
[0, 0, 0]
[0, 0, 0]
[0, 0, 0]
[0, 0, 0]
[0, 0, 0]
[0, 0, 0]
[0, 0, 0]
[0, 0, 0]
[0, 0, 0]
[0, 0, 0]
[0, 0, 0]
[0, 0, 0]
[0, 0, 0]
[0, 0, 0]
[0, 0, 0]
[0, 0, 0]
[0, 0, 0]
[0, 0, 0]
[0, 0, 0]
[0, 0, 0]
[0, 0, 0]
[0, 0, 0]
[0, 0, 0]
[0, 0, 0]
[0, 0, 0]
[0, 0, 0]
[0, 0, 0]
[0, 0, 0]
[0, 0, 0]
[0, 0, 0]
[0, 0, 0]
[0, 0, 0]
[0, 0, 0]
[0, 0, 0]
[0, 0, 0]
[0, 0, 0]
[0, 0, 0]
[0, 0, 0]
[0, 0, 0]
[0, 0, 0]
[0, 0, 0]
[0, 0, 0]
[0, 0, 0]
[0, 0, 0]
[0, 0, 0]
[0, 0, 0]
[0, 0, 0]
[0, 0, 0]
[0, 0, 0]
[0, 0, 0]
[0, 0, 0]
[0, 0, 0]
[0, 0, 0]
[0, 0, 0]
[0, 0, 0]
[0, 0, 0]
[0, 0, 0]
[0, 0, 0]
[0, 0, 0]
[0, 0, 0]
[0, 0, 0]
[0, 0, 0]
[0, 0, 0]
[0, 0, 0]
[0, 0, 0]
[0, 0, 0]
[0, 0, 0]
[0, 0, 0]
[0, 0, 0]
[0, 0, 0]
[0, 0, 0]
[0, 0, 0]
[0, 0, 0]
[0, 0, 0]
[0, 0, 0]
[0, 0, 0]
[0, 0, 0]
