30
10
[0.0, 0.0, 60.0]
[0.0, 0.0, 59.80444444444446]
[0.0, 0.0, 59.235555555555564]
[0.0, 0.0, 58.32000000000001]
[0.0, 0.0, 57.08444444444446]
[0.0, 0.0, 55.55555555555556]
[0.0, 0.0, 53.760000000000005]
[0.0, 0.0, 51.72444444444446]
[0.0, 0.0, 49.475555555555566]
[0.0, 0.0, 47.040000000000006]
[0.0, 0.0, 44.44444444444444]
[0.0, 0.0, 41.715555555555554]
[0.0, 0.0, 38.879999999999995]
[0.0, 0.0, 35.96444444444445]
[0.0, 0.0, 32.995555555555555]
[0.0, 0.0, 30.0]
[0.0, 0.0, 27.004444444444445]
[0.0, 0.0, 24.03555555555556]
[0.0, 0.0, 21.12]
[0.0, 0.0, 18.284444444444446]
[0.0, 0.0, 15.555555555555555]
[0.0, 0.0, 12.959999999999999]
[0.0, 0.0, 10.524444444444445]
[0.0, 0.0, 8.275555555555556]
[0.0, 0.0, 6.24]
[0.0, 0.0, 4.444444444444445]
[0.0, 0.0, 2.9155555555555557]
[0.0, 0.0, 1.6800000000000002]
[0.0, 0.0, 0.7644444444444445]
[0.0, 0.0, 0.19555555555555557]
[0, 0, 0]
[0, 0, 0]
[0, 0, 0]
[0, 0, 0]
[0, 0, 0]
[0, 0, 0]
[0, 0, 0]
[0, 0, 0]
[0, 0, 0]
[0, 0, 0]
[0, 0, 0]
[0, 0, 0]
[0, 0, 0]
[0, 0, 0]
[0, 0, 0]
[0, 0, 0]
[0, 0, 0]
[0, 0, 0]
[0, 0, 0]
[0, 0, 0]
[0, 0, 0]
[0, 0, 0]
[0, 0, 0]
[0, 0, 0]
[0, 0, 0]
[0, 0, 0]
[0, 0, 0]
[0, 0, 0]
[0, 0, 0]
[0, 0, 0]
