72
10
[0.0, 0.0, -60.0]
[0.0, 0.0, -59.166666666666664]
[0.0, 0.0, -58.333333333333336]
[0.0, 0.0, -57.5]
[0.0, 0.0, -56.666666666666664]
[0.0, 0.0, -55.833333333333336]
[0.0, 0.0, -55.0]
[0.0, 0.0, -54.166666666666664]
[0.0, 0.0, -53.333333333333336]
[0.0, 0.0, -52.5]
[0.0, 0.0, -51.666666666666664]
[0.0, 0.0, -50.83333333333333]
[0.0, 0.0, -50.0]
[0.0, 0.0, -49.166666666666664]
[0.0, 0.0, -48.33333333333333]
[0.0, 0.0, -47.5]
[0.0, 0.0, -46.666666666666664]
[0.0, 0.0, -45.83333333333333]
[0.0, 0.0, -45.0]
[0.0, 0.0, -44.166666666666664]
[0.0, 0.0, -43.33333333333333]
[0.0, 0.0, -42.5]
[0.0, 0.0, -41.666666666666664]
[0.0, 0.0, -40.83333333333333]
[0.0, 0.0, -40.0]
[0.0, 0.0, -39.166666666666664]
[0.0, 0.0, -38.33333333333333]
[0.0, 0.0, -37.5]
[0.0, 0.0, -36.666666666666664]
[0.0, 0.0, -35.83333333333333]
[0.0, 0.0, -35.0]
[0.0, 0.0, -34.166666666666664]
[0.0, 0.0, -33.33333333333333]
[0.0, 0.0, -32.5]
[0.0, 0.0, -31.666666666666664]
[0.0, 0.0, -30.833333333333332]
[0.0, 0.0, -30.0]
[0.0, 0.0, -29.166666666666664]
[0.0, 0.0, -28.333333333333332]
[0.0, 0.0, -27.5]
[0.0, 0.0, -26.666666666666664]
[0.0, 0.0, -25.83333333333333]
[0.0, 0.0, -25.0]
[0.0, 0.0, -24.166666666666664]
[0.0, 0.0, -23.33333333333333]
[0.0, 0.0, -22.5]
[0.0, 0.0, -21.666666666666664]
[0.0, 0.0, -20.83333333333333]
[0.0, 0.0, -20.0]
[0.0, 0.0, -19.166666666666664]
[0.0, 0.0, -18.33333333333333]
[0.0, 0.0, -17.5]
[0.0, 0.0, -16.666666666666664]
[0.0, 0.0, -15.833333333333329]
[0.0, 0.0, -15.0]
[0.0, 0.0, -14.166666666666664]
[0.0, 0.0, -13.333333333333329]
[0.0, 0.0, -12.5]
[0.0, 0.0, -11.666666666666664]
[0.0, 0.0, -10.833333333333329]
[0.0, 0.0, -10.0]
[0.0, 0.0, -9.166666666666664]
[0.0, 0.0, -8.333333333333329]
[0.0, 0.0, -7.5]
[0.0, 0.0, -6.666666666666664]
[0.0, 0.0, -5.833333333333329]
[0.0, 0.0, -5.0]
[0.0, 0.0, -4.166666666666664]
[0.0, 0.0, -3.3333333333333286]
[0.0, 0.0, -2.5]
[0.0, 0.0, -1.6666666666666643]
[0.0, 0.0, -0.8333333333333286]
[0, 0, 0]
[0, 0, 0]
[0, 0, 0]
[0, 0, 0]
[0, 0, 0]
[0, 0, 0]
[0, 0, 0]
[0, 0, 0]
[0, 0, 0]
[0, 0, 0]
[0, 0, 0]
[0, 0, 0]
[0, 0, 0]
[0, 0, 0]
[0, 0, 0]
[0, 0, 0]
[0, 0, 0]
[0, 0, 0]
[0, 0, 0]
[0, 0, 0]
[0, 0, 0]
[0, 0, 0]
[0, 0, 0]
[0, 0, 0]
[0, 0, 0]
[0, 0, 0]
[0, 0, 0]
[0, 0, 0]
[0, 0, 0]
[0, 0, 0]
[0, 0, 0]
[0, 0, 0]
[0, 0, 0]
[0, 0, 0]
[0, 0, 0]
[0, 0, 0]
[0, 0, 0]
[0, 0, 0]
[0, 0, 0]
[0, 0, 0]
[0, 0, 0]
[0, 0, 0]
[0, 0, 0]
[0, 0, 0]
[0, 0, 0]
[0, 0, 0]
[0, 0, 0]
[0, 0, 0]
[0, 0, 0]
[0, 0, 0]
[0, 0, 0]
[0, 0, 0]
[0, 0, 0]
[0, 0, 0]
[0, 0, 0]
[0, 0, 0]
[0, 0, 0]
[0, 0, 0]
[0, 0, 0]
[0, 0, 0]
[0, 0, 0]
[0, 0, 0]
[0, 0, 0]
[0, 0, 0]
[0, 0, 0]
[0, 0, 0]
[0, 0, 0]
[0, 0, 0]
[0, 0, 0]
[0, 0, 0]
[0, 0, 0]
[0, 0, 0]
