168
10
[0.0, 0.0, -60.0]
[0.0, 0.0, -59.642857142857146]
[0.0, 0.0, -59.285714285714285]
[0.0, 0.0, -58.92857142857143]
[0.0, 0.0, -58.57142857142857]
[0.0, 0.0, -58.214285714285715]
[0.0, 0.0, -57.857142857142854]
[0.0, 0.0, -57.5]
[0.0, 0.0, -57.142857142857146]
[0.0, 0.0, -56.785714285714285]
[0.0, 0.0, -56.42857142857143]
[0.0, 0.0, -56.07142857142857]
[0.0, 0.0, -55.714285714285715]
[0.0, 0.0, -55.357142857142854]
[0.0, 0.0, -55.0]
[0.0, 0.0, -54.64285714285714]
[0.0, 0.0, -54.285714285714285]
[0.0, 0.0, -53.92857142857143]
[0.0, 0.0, -53.57142857142857]
[0.0, 0.0, -53.214285714285715]
[0.0, 0.0, -52.857142857142854]
[0.0, 0.0, -52.5]
[0.0, 0.0, -52.14285714285714]
[0.0, 0.0, -51.785714285714285]
[0.0, 0.0, -51.42857142857143]
[0.0, 0.0, -51.07142857142857]
[0.0, 0.0, -50.714285714285715]
[0.0, 0.0, -50.35714285714286]
[0.0, 0.0, -50.0]
[0.0, 0.0, -49.64285714285714]
[0.0, 0.0, -49.285714285714285]
[0.0, 0.0, -48.92857142857143]
[0.0, 0.0, -48.57142857142857]
[0.0, 0.0, -48.214285714285715]
[0.0, 0.0, -47.85714285714286]
[0.0, 0.0, -47.5]
[0.0, 0.0, -47.14285714285714]
[0.0, 0.0, -46.785714285714285]
[0.0, 0.0, -46.42857142857143]
[0.0, 0.0, -46.07142857142857]
[0.0, 0.0, -45.714285714285715]
[0.0, 0.0, -45.35714285714286]
[0.0, 0.0, -45.0]
[0.0, 0.0, -44.64285714285714]
[0.0, 0.0, -44.285714285714285]
[0.0, 0.0, -43.92857142857143]
[0.0, 0.0, -43.57142857142857]
[0.0, 0.0, -43.214285714285715]
[0.0, 0.0, -42.85714285714286]
[0.0, 0.0, -42.5]
[0.0, 0.0, -42.14285714285714]
[0.0, 0.0, -41.785714285714285]
[0.0, 0.0, -41.42857142857143]
[0.0, 0.0, -41.07142857142857]
[0.0, 0.0, -40.714285714285715]
[0.0, 0.0, -40.35714285714286]
[0.0, 0.0, -40.0]
[0.0, 0.0, -39.64285714285714]
[0.0, 0.0, -39.285714285714285]
[0.0, 0.0, -38.92857142857143]
[0.0, 0.0, -38.57142857142857]
[0.0, 0.0, -38.214285714285715]
[0.0, 0.0, -37.85714285714286]
[0.0, 0.0, -37.5]
[0.0, 0.0, -37.14285714285714]
[0.0, 0.0, -36.785714285714285]
[0.0, 0.0, -36.42857142857143]
[0.0, 0.0, -36.07142857142857]
[0.0, 0.0, -35.714285714285715]
[0.0, 0.0, -35.35714285714286]
[0.0, 0.0, -35.0]
[0.0, 0.0, -34.64285714285714]
[0.0, 0.0, -34.285714285714285]
[0.0, 0.0, -33.92857142857143]
[0.0, 0.0, -33.57142857142857]
[0.0, 0.0, -33.214285714285715]
[0.0, 0.0, -32.85714285714286]
[0.0, 0.0, -32.5]
[0.0, 0.0, -32.14285714285714]
[0.0, 0.0, -31.785714285714285]
[0.0, 0.0, -31.428571428571427]
[0.0, 0.0, -31.07142857142857]
[0.0, 0.0, -30.714285714285715]
[0.0, 0.0, -30.357142857142858]
[0.0, 0.0, -30.0]
[0.0, 0.0, -29.642857142857142]
[0.0, 0.0, -29.285714285714285]
[0.0, 0.0, -28.928571428571427]
[0.0, 0.0, -28.57142857142857]
[0.0, 0.0, -28.214285714285715]
[0.0, 0.0, -27.857142857142854]
[0.0, 0.0, -27.5]
[0.0, 0.0, -27.14285714285714]
[0.0, 0.0, -26.785714285714285]
[0.0, 0.0, -26.42857142857143]
[0.0, 0.0, -26.07142857142857]
[0.0, 0.0, -25.714285714285715]
[0.0, 0.0, -25.357142857142854]
[0.0, 0.0, -25.0]
[0.0, 0.0, -24.64285714285714]
[0.0, 0.0, -24.285714285714285]
[0.0, 0.0, -23.92857142857143]
[0.0, 0.0, -23.57142857142857]
[0.0, 0.0, -23.214285714285715]
[0.0, 0.0, -22.857142857142854]
[0.0, 0.0, -22.5]
[0.0, 0.0, -22.14285714285714]
[0.0, 0.0, -21.785714285714285]
[0.0, 0.0, -21.42857142857143]
[0.0, 0.0, -21.07142857142857]
[0.0, 0.0, -20.714285714285715]
[0.0, 0.0, -20.357142857142854]
[0.0, 0.0, -20.0]
[0.0, 0.0, -19.64285714285714]
[0.0, 0.0, -19.285714285714285]
[0.0, 0.0, -18.92857142857143]
[0.0, 0.0, -18.57142857142857]
[0.0, 0.0, -18.214285714285715]
[0.0, 0.0, -17.857142857142854]
[0.0, 0.0, -17.5]
[0.0, 0.0, -17.14285714285714]
[0.0, 0.0, -16.785714285714285]
[0.0, 0.0, -16.42857142857143]
[0.0, 0.0, -16.07142857142857]
[0.0, 0.0, -15.714285714285715]
[0.0, 0.0, -15.357142857142854]
[0.0, 0.0, -15.0]
[0.0, 0.0, -14.642857142857139]
[0.0, 0.0, -14.285714285714285]
[0.0, 0.0, -13.92857142857143]
[0.0, 0.0, -13.57142857142857]
[0.0, 0.0, -13.214285714285715]
[0.0, 0.0, -12.857142857142854]
[0.0, 0.0, -12.5]
[0.0, 0.0, -12.142857142857139]
[0.0, 0.0, -11.785714285714285]
[0.0, 0.0, -11.42857142857143]
[0.0, 0.0, -11.07142857142857]
[0.0, 0.0, -10.714285714285715]
[0.0, 0.0, -10.357142857142854]
[0.0, 0.0, -10.0]
[0.0, 0.0, -9.642857142857139]
[0.0, 0.0, -9.285714285714285]
[0.0, 0.0, -8.92857142857143]
[0.0, 0.0, -8.57142857142857]
[0.0, 0.0, -8.214285714285715]
[0.0, 0.0, -7.857142857142854]
[0.0, 0.0, -7.5]
[0.0, 0.0, -7.142857142857139]
[0.0, 0.0, -6.785714285714285]
[0.0, 0.0, -6.428571428571431]
[0.0, 0.0, -6.071428571428569]
[0.0, 0.0, -5.714285714285715]
[0.0, 0.0, -5.357142857142854]
[0.0, 0.0, -5.0]
[0.0, 0.0, -4.642857142857139]
[0.0, 0.0, -4.285714285714285]
[0.0, 0.0, -3.9285714285714306]
[0.0, 0.0, -3.5714285714285694]
[0.0, 0.0, -3.2142857142857153]
[0.0, 0.0, -2.857142857142854]
[0.0, 0.0, -2.5]
[0.0, 0.0, -2.142857142857139]
[0.0, 0.0, -1.7857142857142847]
[0.0, 0.0, -1.4285714285714306]
[0.0, 0.0, -1.0714285714285694]
[0.0, 0.0, -0.7142857142857153]
[0.0, 0.0, -0.3571428571428541]
[0, 0, 0]
[0, 0, 0]
[0, 0, 0]
[0, 0, 0]
[0, 0, 0]
[0, 0, 0]
[0, 0, 0]
[0, 0, 0]
[0, 0, 0]
[0, 0, 0]
[0, 0, 0]
[0, 0, 0]
[0, 0, 0]
[0, 0, 0]
[0, 0, 0]
[0, 0, 0]
[0, 0, 0]
[0, 0, 0]
[0, 0, 0]
[0, 0, 0]
[0, 0, 0]
[0, 0, 0]
[0, 0, 0]
[0, 0, 0]
[0, 0, 0]
[0, 0, 0]
[0, 0, 0]
[0, 0, 0]
[0, 0, 0]
[0, 0, 0]
[0, 0, 0]
[0, 0, 0]
[0, 0, 0]
[0, 0, 0]
[0, 0, 0]
[0, 0, 0]
[0, 0, 0]
[0, 0, 0]
[0, 0, 0]
[0, 0, 0]
[0, 0, 0]
[0, 0, 0]
[0, 0, 0]
[0, 0, 0]
[0, 0, 0]
[0, 0, 0]
[0, 0, 0]
[0, 0, 0]
[0, 0, 0]
[0, 0, 0]
[0, 0, 0]
[0, 0, 0]
[0, 0, 0]
[0, 0, 0]
[0, 0, 0]
[0, 0, 0]
[0, 0, 0]
[0, 0, 0]
[0, 0, 0]
[0, 0, 0]
[0, 0, 0]
[0, 0, 0]
[0, 0, 0]
[0, 0, 0]
[0, 0, 0]
[0, 0, 0]
[0, 0, 0]
[0, 0, 0]
[0, 0, 0]
[0, 0, 0]
[0, 0, 0]
[0, 0, 0]
[0, 0, 0]
[0, 0, 0]
[0, 0, 0]
[0, 0, 0]
[0, 0, 0]
[0, 0, 0]
[0, 0, 0]
[0, 0, 0]
[0, 0, 0]
[0, 0, 0]
[0, 0, 0]
[0, 0, 0]
[0, 0, 0]
[0, 0, 0]
[0, 0, 0]
[0, 0, 0]
[0, 0, 0]
[0, 0, 0]
[0, 0, 0]
[0, 0, 0]
[0, 0, 0]
[0, 0, 0]
[0, 0, 0]
[0, 0, 0]
[0, 0, 0]
[0, 0, 0]
[0, 0, 0]
[0, 0, 0]
[0, 0, 0]
[0, 0, 0]
[0, 0, 0]
[0, 0, 0]
[0, 0, 0]
[0, 0, 0]
[0, 0, 0]
[0, 0, 0]
[0, 0, 0]
[0, 0, 0]
[0, 0, 0]
[0, 0, 0]
[0, 0, 0]
[0, 0, 0]
[0, 0, 0]
[0, 0, 0]
[0, 0, 0]
[0, 0, 0]
[0, 0, 0]
[0, 0, 0]
[0, 0, 0]
[0, 0, 0]
[0, 0, 0]
[0, 0, 0]
[0, 0, 0]
[0, 0, 0]
[0, 0, 0]
[0, 0, 0]
[0, 0, 0]
[0, 0, 0]
[0, 0, 0]
[0, 0, 0]
[0, 0, 0]
[0, 0, 0]
[0, 0, 0]
[0, 0, 0]
[0, 0, 0]
[0, 0, 0]
[0, 0, 0]
[0, 0, 0]
[0, 0, 0]
[0, 0, 0]
[0, 0, 0]
[0, 0, 0]
[0, 0, 0]
[0, 0, 0]
[0, 0, 0]
[0, 0, 0]
[0, 0, 0]
[0, 0, 0]
[0, 0, 0]
[0, 0, 0]
[0, 0, 0]
[0, 0, 0]
[0, 0, 0]
[0, 0, 0]
[0, 0, 0]
[0, 0, 0]
[0, 0, 0]
[0, 0, 0]
[0, 0, 0]
[0, 0, 0]
[0, 0, 0]
[0, 0, 0]
[0, 0, 0]
[0, 0, 0]
[0, 0, 0]
[0, 0, 0]
