137
10
[0.0, 0.0, -60.0]
[0.0, 0.0, -59.56204379562044]
[0.0, 0.0, -59.12408759124087]
[0.0, 0.0, -58.68613138686131]
[0.0, 0.0, -58.24817518248175]
[0.0, 0.0, -57.81021897810219]
[0.0, 0.0, -57.372262773722625]
[0.0, 0.0, -56.934306569343065]
[0.0, 0.0, -56.496350364963504]
[0.0, 0.0, -56.058394160583944]
[0.0, 0.0, -55.62043795620438]
[0.0, 0.0, -55.18248175182482]
[0.0, 0.0, -54.74452554744526]
[0.0, 0.0, -54.30656934306569]
[0.0, 0.0, -53.86861313868613]
[0.0, 0.0, -53.43065693430657]
[0.0, 0.0, -52.99270072992701]
[0.0, 0.0, -52.55474452554745]
[0.0, 0.0, -52.11678832116788]
[0.0, 0.0, -51.67883211678832]
[0.0, 0.0, -51.24087591240876]
[0.0, 0.0, -50.802919708029194]
[0.0, 0.0, -50.36496350364963]
[0.0, 0.0, -49.92700729927007]
[0.0, 0.0, -49.48905109489051]
[0.0, 0.0, -49.051094890510946]
[0.0, 0.0, -48.613138686131386]
[0.0, 0.0, -48.175182481751825]
[0.0, 0.0, -47.73722627737226]
[0.0, 0.0, -47.2992700729927]
[0.0, 0.0, -46.86131386861314]
[0.0, 0.0, -46.42335766423358]
[0.0, 0.0, -45.98540145985402]
[0.0, 0.0, -45.54744525547445]
[0.0, 0.0, -45.10948905109489]
[0.0, 0.0, -44.67153284671533]
[0.0, 0.0, -44.23357664233576]
[0.0, 0.0, -43.7956204379562]
[0.0, 0.0, -43.35766423357664]
[0.0, 0.0, -42.91970802919708]
[0.0, 0.0, -42.48175182481752]
[0.0, 0.0, -42.043795620437955]
[0.0, 0.0, -41.605839416058394]
[0.0, 0.0, -41.16788321167883]
[0.0, 0.0, -40.72992700729927]
[0.0, 0.0, -40.29197080291971]
[0.0, 0.0, -39.85401459854015]
[0.0, 0.0, -39.416058394160586]
[0.0, 0.0, -38.97810218978102]
[0.0, 0.0, -38.54014598540146]
[0.0, 0.0, -38.10218978102189]
[0.0, 0.0, -37.66423357664233]
[0.0, 0.0, -37.22627737226277]
[0.0, 0.0, -36.78832116788321]
[0.0, 0.0, -36.35036496350365]
[0.0, 0.0, -35.91240875912409]
[0.0, 0.0, -35.47445255474452]
[0.0, 0.0, -35.03649635036496]
[0.0, 0.0, -34.598540145985396]
[0.0, 0.0, -34.160583941605836]
[0.0, 0.0, -33.722627737226276]
[0.0, 0.0, -33.284671532846716]
[0.0, 0.0, -32.846715328467155]
[0.0, 0.0, -32.408759124087595]
[0.0, 0.0, -31.970802919708028]
[0.0, 0.0, -31.532846715328464]
[0.0, 0.0, -31.094890510948904]
[0.0, 0.0, -30.65693430656934]
[0.0, 0.0, -30.21897810218978]
[0.0, 0.0, -29.781021897810216]
[0.0, 0.0, -29.343065693430656]
[0.0, 0.0, -28.905109489051092]
[0.0, 0.0, -28.467153284671532]
[0.0, 0.0, -28.02919708029197]
[0.0, 0.0, -27.591240875912405]
[0.0, 0.0, -27.153284671532845]
[0.0, 0.0, -26.715328467153284]
[0.0, 0.0, -26.277372262773724]
[0.0, 0.0, -25.839416058394157]
[0.0, 0.0, -25.401459854014597]
[0.0, 0.0, -24.963503649635037]
[0.0, 0.0, -24.52554744525547]
[0.0, 0.0, -24.08759124087591]
[0.0, 0.0, -23.64963503649635]
[0.0, 0.0, -23.21167883211679]
[0.0, 0.0, -22.77372262773722]
[0.0, 0.0, -22.33576642335766]
[0.0, 0.0, -21.8978102189781]
[0.0, 0.0, -21.45985401459854]
[0.0, 0.0, -21.021897810218974]
[0.0, 0.0, -20.583941605839414]
[0.0, 0.0, -20.145985401459853]
[0.0, 0.0, -19.708029197080293]
[0.0, 0.0, -19.270072992700726]
[0.0, 0.0, -18.832116788321166]
[0.0, 0.0, -18.394160583941606]
[0.0, 0.0, -17.95620437956204]
[0.0, 0.0, -17.518248175182478]
[0.0, 0.0, -17.080291970802918]
[0.0, 0.0, -16.642335766423358]
[0.0, 0.0, -16.20437956204379]
[0.0, 0.0, -15.76642335766423]
[0.0, 0.0, -15.32846715328467]
[0.0, 0.0, -14.89051094890511]
[0.0, 0.0, -14.452554744525543]
[0.0, 0.0, -14.014598540145982]
[0.0, 0.0, -13.576642335766422]
[0.0, 0.0, -13.138686131386862]
[0.0, 0.0, -12.700729927007295]
[0.0, 0.0, -12.262773722627735]
[0.0, 0.0, -11.824817518248175]
[0.0, 0.0, -11.386861313868614]
[0.0, 0.0, -10.948905109489047]
[0.0, 0.0, -10.510948905109487]
[0.0, 0.0, -10.072992700729927]
[0.0, 0.0, -9.63503649635036]
[0.0, 0.0, -9.1970802919708]
[0.0, 0.0, -8.759124087591239]
[0.0, 0.0, -8.321167883211679]
[0.0, 0.0, -7.883211678832112]
[0.0, 0.0, -7.445255474452551]
[0.0, 0.0, -7.007299270072991]
[0.0, 0.0, -6.569343065693431]
[0.0, 0.0, -6.131386861313864]
[0.0, 0.0, -5.693430656934304]
[0.0, 0.0, -5.255474452554743]
[0.0, 0.0, -4.817518248175183]
[0.0, 0.0, -4.379562043795616]
[0.0, 0.0, -3.941605839416056]
[0.0, 0.0, -3.5036496350364956]
[0.0, 0.0, -3.0656934306569283]
[0.0, 0.0, -2.627737226277368]
[0.0, 0.0, -2.189781021897808]
[0.0, 0.0, -1.7518248175182478]
[0.0, 0.0, -1.3138686131386805]
[0.0, 0.0, -0.8759124087591204]
[0.0, 0.0, -0.4379562043795602]
[0, 0, 0]
[0, 0, 0]
[0, 0, 0]
[0, 0, 0]
[0, 0, 0]
[0, 0, 0]
[0, 0, 0]
[0, 0, 0]
[0, 0, 0]
[0, 0, 0]
[0, 0, 0]
[0, 0, 0]
[0, 0, 0]
[0, 0, 0]
[0, 0, 0]
[0, 0, 0]
[0, 0, 0]
[0, 0, 0]
[0, 0, 0]
[0, 0, 0]
[0, 0, 0]
[0, 0, 0]
[0, 0, 0]
[0, 0, 0]
[0, 0, 0]
[0, 0, 0]
[0, 0, 0]
[0, 0, 0]
[0, 0, 0]
[0, 0, 0]
[0, 0, 0]
[0, 0, 0]
[0, 0, 0]
[0, 0, 0]
[0, 0, 0]
[0, 0, 0]
[0, 0, 0]
[0, 0, 0]
[0, 0, 0]
[0, 0, 0]
[0, 0, 0]
[0, 0, 0]
[0, 0, 0]
[0, 0, 0]
[0, 0, 0]
[0, 0, 0]
[0, 0, 0]
[0, 0, 0]
[0, 0, 0]
[0, 0, 0]
[0, 0, 0]
[0, 0, 0]
[0, 0, 0]
[0, 0, 0]
[0, 0, 0]
[0, 0, 0]
[0, 0, 0]
[0, 0, 0]
[0, 0, 0]
[0, 0, 0]
[0, 0, 0]
[0, 0, 0]
[0, 0, 0]
[0, 0, 0]
[0, 0, 0]
[0, 0, 0]
[0, 0, 0]
[0, 0, 0]
[0, 0, 0]
[0, 0, 0]
[0, 0, 0]
[0, 0, 0]
[0, 0, 0]
[0, 0, 0]
[0, 0, 0]
[0, 0, 0]
[0, 0, 0]
[0, 0, 0]
[0, 0, 0]
[0, 0, 0]
[0, 0, 0]
[0, 0, 0]
[0, 0, 0]
[0, 0, 0]
[0, 0, 0]
[0, 0, 0]
[0, 0, 0]
[0, 0, 0]
[0, 0, 0]
[0, 0, 0]
[0, 0, 0]
[0, 0, 0]
[0, 0, 0]
[0, 0, 0]
[0, 0, 0]
[0, 0, 0]
[0, 0, 0]
[0, 0, 0]
[0, 0, 0]
[0, 0, 0]
[0, 0, 0]
[0, 0, 0]
[0, 0, 0]
[0, 0, 0]
[0, 0, 0]
[0, 0, 0]
[0, 0, 0]
[0, 0, 0]
[0, 0, 0]
[0, 0, 0]
[0, 0, 0]
[0, 0, 0]
[0, 0, 0]
[0, 0, 0]
[0, 0, 0]
[0, 0, 0]
[0, 0, 0]
[0, 0, 0]
[0, 0, 0]
[0, 0, 0]
[0, 0, 0]
[0, 0, 0]
[0, 0, 0]
[0, 0, 0]
[0, 0, 0]
[0, 0, 0]
[0, 0, 0]
[0, 0, 0]
[0, 0, 0]
[0, 0, 0]
[0, 0, 0]
[0, 0, 0]
[0, 0, 0]
[0, 0, 0]
[0, 0, 0]
[0, 0, 0]
[0, 0, 0]
