82
10
[0.0, 0.0, -60.0]
[0.0, 0.0, -59.26829268292683]
[0.0, 0.0, -58.53658536585366]
[0.0, 0.0, -57.80487804878049]
[0.0, 0.0, -57.073170731707314]
[0.0, 0.0, -56.34146341463415]
[0.0, 0.0, -55.609756097560975]
[0.0, 0.0, -54.8780487804878]
[0.0, 0.0, -54.146341463414636]
[0.0, 0.0, -53.41463414634146]
[0.0, 0.0, -52.6829268292683]
[0.0, 0.0, -51.951219512195124]
[0.0, 0.0, -51.21951219512195]
[0.0, 0.0, -50.48780487804878]
[0.0, 0.0, -49.75609756097561]
[0.0, 0.0, -49.02439024390244]
[0.0, 0.0, -48.29268292682927]
[0.0, 0.0, -47.5609756097561]
[0.0, 0.0, -46.829268292682926]
[0.0, 0.0, -46.09756097560975]
[0.0, 0.0, -45.36585365853659]
[0.0, 0.0, -44.63414634146341]
[0.0, 0.0, -43.90243902439025]
[0.0, 0.0, -43.170731707317074]
[0.0, 0.0, -42.4390243902439]
[0.0, 0.0, -41.70731707317073]
[0.0, 0.0, -40.97560975609756]
[0.0, 0.0, -40.243902439024396]
[0.0, 0.0, -39.51219512195122]
[0.0, 0.0, -38.78048780487805]
[0.0, 0.0, -38.048780487804876]
[0.0, 0.0, -37.3170731707317]
[0.0, 0.0, -36.58536585365854]
[0.0, 0.0, -35.85365853658537]
[0.0, 0.0, -35.1219512195122]
[0.0, 0.0, -34.390243902439025]
[0.0, 0.0, -33.65853658536585]
[0.0, 0.0, -32.92682926829268]
[0.0, 0.0, -32.19512195121951]
[0.0, 0.0, -31.463414634146343]
[0.0, 0.0, -30.731707317073173]
[0.0, 0.0, -30.0]
[0.0, 0.0, -29.26829268292683]
[0.0, 0.0, -28.53658536585366]
[0.0, 0.0, -27.804878048780488]
[0.0, 0.0, -27.073170731707314]
[0.0, 0.0, -26.34146341463415]
[0.0, 0.0, -25.609756097560975]
[0.0, 0.0, -24.878048780487802]
[0.0, 0.0, -24.146341463414636]
[0.0, 0.0, -23.414634146341463]
[0.0, 0.0, -22.682926829268297]
[0.0, 0.0, -21.951219512195124]
[0.0, 0.0, -21.21951219512195]
[0.0, 0.0, -20.487804878048784]
[0.0, 0.0, -19.75609756097561]
[0.0, 0.0, -19.024390243902438]
[0.0, 0.0, -18.292682926829272]
[0.0, 0.0, -17.5609756097561]
[0.0, 0.0, -16.829268292682926]
[0.0, 0.0, -16.09756097560976]
[0.0, 0.0, -15.365853658536587]
[0.0, 0.0, -14.634146341463413]
[0.0, 0.0, -13.902439024390247]
[0.0, 0.0, -13.170731707317074]
[0.0, 0.0, -12.439024390243901]
[0.0, 0.0, -11.707317073170735]
[0.0, 0.0, -10.975609756097562]
[0.0, 0.0, -10.243902439024389]
[0.0, 0.0, -9.512195121951223]
[0.0, 0.0, -8.78048780487805]
[0.0, 0.0, -8.048780487804876]
[0.0, 0.0, -7.31707317073171]
[0.0, 0.0, -6.585365853658537]
[0.0, 0.0, -5.853658536585364]
[0.0, 0.0, -5.121951219512198]
[0.0, 0.0, -4.390243902439025]
[0.0, 0.0, -3.6585365853658516]
[0.0, 0.0, -2.9268292682926855]
[0.0, 0.0, -2.1951219512195124]
[0.0, 0.0, -1.4634146341463463]
[0.0, 0.0, -0.7317073170731732]
[0, 0, 0]
[0, 0, 0]
[0, 0, 0]
[0, 0, 0]
[0, 0, 0]
[0, 0, 0]
[0, 0, 0]
[0, 0, 0]
[0, 0, 0]
[0, 0, 0]
[0, 0, 0]
[0, 0, 0]
[0, 0, 0]
[0, 0, 0]
[0, 0, 0]
[0, 0, 0]
[0, 0, 0]
[0, 0, 0]
[0, 0, 0]
[0, 0, 0]
[0, 0, 0]
[0, 0, 0]
[0, 0, 0]
[0, 0, 0]
[0, 0, 0]
[0, 0, 0]
[0, 0, 0]
[0, 0, 0]
[0, 0, 0]
[0, 0, 0]
[0, 0, 0]
[0, 0, 0]
[0, 0, 0]
[0, 0, 0]
[0, 0, 0]
[0, 0, 0]
[0, 0, 0]
[0, 0, 0]
[0, 0, 0]
[0, 0, 0]
[0, 0, 0]
[0, 0, 0]
[0, 0, 0]
[0, 0, 0]
[0, 0, 0]
[0, 0, 0]
[0, 0, 0]
[0, 0, 0]
[0, 0, 0]
[0, 0, 0]
[0, 0, 0]
[0, 0, 0]
[0, 0, 0]
[0, 0, 0]
[0, 0, 0]
[0, 0, 0]
[0, 0, 0]
[0, 0, 0]
[0, 0, 0]
[0, 0, 0]
[0, 0, 0]
[0, 0, 0]
[0, 0, 0]
[0, 0, 0]
[0, 0, 0]
[0, 0, 0]
[0, 0, 0]
[0, 0, 0]
[0, 0, 0]
[0, 0, 0]
[0, 0, 0]
[0, 0, 0]
[0, 0, 0]
[0, 0, 0]
[0, 0, 0]
[0, 0, 0]
[0, 0, 0]
[0, 0, 0]
[0, 0, 0]
[0, 0, 0]
[0, 0, 0]
[0, 0, 0]
