30
10
[0.0, 0.0, -177.03999999999996]
[0.0, 0.0, -171.13866666666664]
[0.0, 0.0, -165.2373333333333]
[0.0, 0.0, -159.33599999999996]
[0.0, 0.0, -153.43466666666663]
[0.0, 0.0, -147.5333333333333]
[0.0, 0.0, -141.63199999999998]
[0.0, 0.0, -135.73066666666665]
[0.0, 0.0, -129.8293333333333]
[0.0, 0.0, -123.92799999999997]
[0.0, 0.0, -118.02666666666664]
[0.0, 0.0, -112.12533333333332]
[0.0, 0.0, -106.22399999999999]
[0.0, 0.0, -100.32266666666665]
[0.0, 0.0, -94.42133333333332]
[0.0, 0.0, -88.51999999999998]
[0.0, 0.0, -82.61866666666666]
[0.0, 0.0, -76.71733333333333]
[0.0, 0.0, -70.81599999999999]
[0.0, 0.0, -64.91466666666666]
[0.0, 0.0, -59.01333333333332]
[0.0, 0.0, -53.111999999999995]
[0.0, 0.0, -47.21066666666667]
[0.0, 0.0, -41.30933333333334]
[0.0, 0.0, -35.408000000000015]
[0.0, 0.0, -29.50666666666666]
[0.0, 0.0, -23.605333333333334]
[0.0, 0.0, -17.704000000000008]
[0.0, 0.0, -11.802666666666681]
[0.0, 0.0, -5.901333333333355]
[0, 0, 0]
[0, 0, 0]
[0, 0, 0]
[0, 0, 0]
[0, 0, 0]
[0, 0, 0]
[0, 0, 0]
[0, 0, 0]
[0, 0, 0]
[0, 0, 0]
[0, 0, 0]
[0, 0, 0]
[0, 0, 0]
[0, 0, 0]
[0, 0, 0]
[0, 0, 0]
[0, 0, 0]
[0, 0, 0]
[0, 0, 0]
[0, 0, 0]
[0, 0, 0]
[0, 0, 0]
[0, 0, 0]
[0, 0, 0]
[0, 0, 0]
[0, 0, 0]
[0, 0, 0]
[0, 0, 0]
[0, 0, 0]
[0, 0, 0]
