47
10
[0.0, 0.0, -60.0]
[0.0, 0.0, -58.723404255319146]
[0.0, 0.0, -57.4468085106383]
[0.0, 0.0, -56.170212765957444]
[0.0, 0.0, -54.8936170212766]
[0.0, 0.0, -53.61702127659574]
[0.0, 0.0, -52.340425531914896]
[0.0, 0.0, -51.06382978723404]
[0.0, 0.0, -49.787234042553195]
[0.0, 0.0, -48.51063829787234]
[0.0, 0.0, -47.234042553191486]
[0.0, 0.0, -45.95744680851064]
[0.0, 0.0, -44.680851063829785]
[0.0, 0.0, -43.40425531914893]
[0.0, 0.0, -42.12765957446808]
[0.0, 0.0, -40.851063829787236]
[0.0, 0.0, -39.57446808510638]
[0.0, 0.0, -38.29787234042553]
[0.0, 0.0, -37.02127659574468]
[0.0, 0.0, -35.74468085106383]
[0.0, 0.0, -34.46808510638298]
[0.0, 0.0, -33.191489361702125]
[0.0, 0.0, -31.914893617021274]
[0.0, 0.0, -30.638297872340424]
[0.0, 0.0, -29.361702127659573]
[0.0, 0.0, -28.085106382978722]
[0.0, 0.0, -26.808510638297868]
[0.0, 0.0, -25.53191489361702]
[0.0, 0.0, -24.255319148936167]
[0.0, 0.0, -22.97872340425532]
[0.0, 0.0, -21.702127659574465]
[0.0, 0.0, -20.425531914893618]
[0.0, 0.0, -19.148936170212764]
[0.0, 0.0, -17.87234042553191]
[0.0, 0.0, -16.595744680851062]
[0.0, 0.0, -15.319148936170208]
[0.0, 0.0, -14.042553191489361]
[0.0, 0.0, -12.765957446808507]
[0.0, 0.0, -11.48936170212766]
[0.0, 0.0, -10.212765957446805]
[0.0, 0.0, -8.936170212765958]
[0.0, 0.0, -7.659574468085104]
[0.0, 0.0, -6.38297872340425]
[0.0, 0.0, -5.106382978723403]
[0.0, 0.0, -3.8297872340425485]
[0.0, 0.0, -2.5531914893617014]
[0.0, 0.0, -1.2765957446808471]
[0, 0, 0]
[0, 0, 0]
[0, 0, 0]
[0, 0, 0]
[0, 0, 0]
[0, 0, 0]
[0, 0, 0]
[0, 0, 0]
[0, 0, 0]
[0, 0, 0]
[0, 0, 0]
[0, 0, 0]
[0, 0, 0]
[0, 0, 0]
[0, 0, 0]
[0, 0, 0]
[0, 0, 0]
[0, 0, 0]
[0, 0, 0]
[0, 0, 0]
[0, 0, 0]
[0, 0, 0]
[0, 0, 0]
[0, 0, 0]
[0, 0, 0]
[0, 0, 0]
[0, 0, 0]
[0, 0, 0]
[0, 0, 0]
[0, 0, 0]
[0, 0, 0]
[0, 0, 0]
[0, 0, 0]
[0, 0, 0]
[0, 0, 0]
[0, 0, 0]
[0, 0, 0]
[0, 0, 0]
[0, 0, 0]
[0, 0, 0]
[0, 0, 0]
[0, 0, 0]
[0, 0, 0]
[0, 0, 0]
[0, 0, 0]
[0, 0, 0]
[0, 0, 0]
