30
10
[0.0, 0.0, -140.0]
[0.0, 0.0, -135.33333333333334]
[0.0, 0.0, -130.66666666666666]
[0.0, 0.0, -126.0]
[0.0, 0.0, -121.33333333333333]
[0.0, 0.0, -116.66666666666666]
[0.0, 0.0, -112.0]
[0.0, 0.0, -107.33333333333333]
[0.0, 0.0, -102.66666666666666]
[0.0, 0.0, -98.0]
[0.0, 0.0, -93.33333333333333]
[0.0, 0.0, -88.66666666666666]
[0.0, 0.0, -84.0]
[0.0, 0.0, -79.33333333333333]
[0.0, 0.0, -74.66666666666666]
[0.0, 0.0, -70.0]
[0.0, 0.0, -65.33333333333333]
[0.0, 0.0, -60.66666666666666]
[0.0, 0.0, -56.0]
[0.0, 0.0, -51.33333333333333]
[0.0, 0.0, -46.66666666666666]
[0.0, 0.0, -42.0]
[0.0, 0.0, -37.33333333333333]
[0.0, 0.0, -32.66666666666666]
[0.0, 0.0, -28.0]
[0.0, 0.0, -23.33333333333333]
[0.0, 0.0, -18.666666666666657]
[0.0, 0.0, -13.999999999999986]
[0.0, 0.0, -9.333333333333314]
[0.0, 0.0, -4.666666666666657]
[0, 0, 0]
[0, 0, 0]
[0, 0, 0]
[0, 0, 0]
[0, 0, 0]
[0, 0, 0]
[0, 0, 0]
[0, 0, 0]
[0, 0, 0]
[0, 0, 0]
[0, 0, 0]
[0, 0, 0]
[0, 0, 0]
[0, 0, 0]
[0, 0, 0]
[0, 0, 0]
[0, 0, 0]
[0, 0, 0]
[0, 0, 0]
[0, 0, 0]
[0, 0, 0]
[0, 0, 0]
[0, 0, 0]
[0, 0, 0]
[0, 0, 0]
[0, 0, 0]
[0, 0, 0]
[0, 0, 0]
[0, 0, 0]
[0, 0, 0]
