197
10
[0.0, 0.0, -60.0]
[0.0, 0.0, -59.69543147208122]
[0.0, 0.0, -59.390862944162436]
[0.0, 0.0, -59.08629441624365]
[0.0, 0.0, -58.78172588832487]
[0.0, 0.0, -58.47715736040609]
[0.0, 0.0, -58.17258883248731]
[0.0, 0.0, -57.868020304568525]
[0.0, 0.0, -57.56345177664974]
[0.0, 0.0, -57.25888324873097]
[0.0, 0.0, -56.954314720812185]
[0.0, 0.0, -56.6497461928934]
[0.0, 0.0, -56.34517766497462]
[0.0, 0.0, -56.04060913705584]
[0.0, 0.0, -55.736040609137056]
[0.0, 0.0, -55.431472081218274]
[0.0, 0.0, -55.12690355329949]
[0.0, 0.0, -54.82233502538071]
[0.0, 0.0, -54.51776649746193]
[0.0, 0.0, -54.213197969543145]
[0.0, 0.0, -53.90862944162436]
[0.0, 0.0, -53.60406091370558]
[0.0, 0.0, -53.2994923857868]
[0.0, 0.0, -52.99492385786802]
[0.0, 0.0, -52.69035532994924]
[0.0, 0.0, -52.38578680203045]
[0.0, 0.0, -52.08121827411168]
[0.0, 0.0, -51.776649746192895]
[0.0, 0.0, -51.47208121827411]
[0.0, 0.0, -51.16751269035533]
[0.0, 0.0, -50.86294416243655]
[0.0, 0.0, -50.558375634517766]
[0.0, 0.0, -50.253807106598984]
[0.0, 0.0, -49.9492385786802]
[0.0, 0.0, -49.64467005076142]
[0.0, 0.0, -49.34010152284264]
[0.0, 0.0, -49.035532994923855]
[0.0, 0.0, -48.73096446700507]
[0.0, 0.0, -48.42639593908629]
[0.0, 0.0, -48.121827411167516]
[0.0, 0.0, -47.817258883248726]
[0.0, 0.0, -47.51269035532995]
[0.0, 0.0, -47.20812182741116]
[0.0, 0.0, -46.90355329949239]
[0.0, 0.0, -46.598984771573605]
[0.0, 0.0, -46.29441624365482]
[0.0, 0.0, -45.98984771573604]
[0.0, 0.0, -45.68527918781726]
[0.0, 0.0, -45.380710659898476]
[0.0, 0.0, -45.076142131979694]
[0.0, 0.0, -44.77157360406091]
[0.0, 0.0, -44.46700507614213]
[0.0, 0.0, -44.16243654822335]
[0.0, 0.0, -43.857868020304565]
[0.0, 0.0, -43.55329949238579]
[0.0, 0.0, -43.248730964467]
[0.0, 0.0, -42.944162436548226]
[0.0, 0.0, -42.639593908629436]
[0.0, 0.0, -42.33502538071066]
[0.0, 0.0, -42.03045685279187]
[0.0, 0.0, -41.7258883248731]
[0.0, 0.0, -41.421319796954315]
[0.0, 0.0, -41.11675126903553]
[0.0, 0.0, -40.81218274111675]
[0.0, 0.0, -40.50761421319797]
[0.0, 0.0, -40.203045685279186]
[0.0, 0.0, -39.898477157360404]
[0.0, 0.0, -39.59390862944162]
[0.0, 0.0, -39.28934010152284]
[0.0, 0.0, -38.984771573604064]
[0.0, 0.0, -38.680203045685275]
[0.0, 0.0, -38.3756345177665]
[0.0, 0.0, -38.07106598984771]
[0.0, 0.0, -37.766497461928935]
[0.0, 0.0, -37.461928934010146]
[0.0, 0.0, -37.15736040609137]
[0.0, 0.0, -36.85279187817259]
[0.0, 0.0, -36.54822335025381]
[0.0, 0.0, -36.243654822335024]
[0.0, 0.0, -35.93908629441624]
[0.0, 0.0, -35.63451776649746]
[0.0, 0.0, -35.32994923857868]
[0.0, 0.0, -35.025380710659896]
[0.0, 0.0, -34.72081218274111]
[0.0, 0.0, -34.41624365482233]
[0.0, 0.0, -34.11167512690355]
[0.0, 0.0, -33.807106598984774]
[0.0, 0.0, -33.502538071065985]
[0.0, 0.0, -33.19796954314721]
[0.0, 0.0, -32.89340101522842]
[0.0, 0.0, -32.588832487309645]
[0.0, 0.0, -32.284263959390856]
[0.0, 0.0, -31.97969543147208]
[0.0, 0.0, -31.6751269035533]
[0.0, 0.0, -31.370558375634516]
[0.0, 0.0, -31.065989847715734]
[0.0, 0.0, -30.761421319796952]
[0.0, 0.0, -30.45685279187817]
[0.0, 0.0, -30.152284263959388]
[0.0, 0.0, -29.847715736040605]
[0.0, 0.0, -29.543147208121823]
[0.0, 0.0, -29.238578680203045]
[0.0, 0.0, -28.934010152284262]
[0.0, 0.0, -28.62944162436548]
[0.0, 0.0, -28.324873096446698]
[0.0, 0.0, -28.020304568527916]
[0.0, 0.0, -27.715736040609137]
[0.0, 0.0, -27.411167512690355]
[0.0, 0.0, -27.106598984771573]
[0.0, 0.0, -26.80203045685279]
[0.0, 0.0, -26.49746192893401]
[0.0, 0.0, -26.192893401015226]
[0.0, 0.0, -25.888324873096444]
[0.0, 0.0, -25.58375634517766]
[0.0, 0.0, -25.27918781725888]
[0.0, 0.0, -24.974619289340097]
[0.0, 0.0, -24.670050761421315]
[0.0, 0.0, -24.365482233502533]
[0.0, 0.0, -24.06091370558375]
[0.0, 0.0, -23.75634517766497]
[0.0, 0.0, -23.451776649746193]
[0.0, 0.0, -23.14720812182741]
[0.0, 0.0, -22.84263959390863]
[0.0, 0.0, -22.538071065989847]
[0.0, 0.0, -22.233502538071065]
[0.0, 0.0, -21.928934010152282]
[0.0, 0.0, -21.6243654822335]
[0.0, 0.0, -21.319796954314718]
[0.0, 0.0, -21.015228426395936]
[0.0, 0.0, -20.710659898477154]
[0.0, 0.0, -20.40609137055837]
[0.0, 0.0, -20.10152284263959]
[0.0, 0.0, -19.796954314720807]
[0.0, 0.0, -19.492385786802025]
[0.0, 0.0, -19.187817258883243]
[0.0, 0.0, -18.88324873096446]
[0.0, 0.0, -18.57868020304568]
[0.0, 0.0, -18.274111675126903]
[0.0, 0.0, -17.96954314720812]
[0.0, 0.0, -17.66497461928934]
[0.0, 0.0, -17.360406091370557]
[0.0, 0.0, -17.055837563451774]
[0.0, 0.0, -16.751269035532992]
[0.0, 0.0, -16.44670050761421]
[0.0, 0.0, -16.142131979695428]
[0.0, 0.0, -15.837563451776646]
[0.0, 0.0, -15.532994923857864]
[0.0, 0.0, -15.228426395939081]
[0.0, 0.0, -14.9238578680203]
[0.0, 0.0, -14.619289340101517]
[0.0, 0.0, -14.314720812182735]
[0.0, 0.0, -14.010152284263953]
[0.0, 0.0, -13.705583756345177]
[0.0, 0.0, -13.401015228426395]
[0.0, 0.0, -13.096446700507613]
[0.0, 0.0, -12.79187817258883]
[0.0, 0.0, -12.487309644670049]
[0.0, 0.0, -12.182741116751266]
[0.0, 0.0, -11.878172588832484]
[0.0, 0.0, -11.573604060913702]
[0.0, 0.0, -11.26903553299492]
[0.0, 0.0, -10.964467005076138]
[0.0, 0.0, -10.659898477157356]
[0.0, 0.0, -10.355329949238573]
[0.0, 0.0, -10.050761421319791]
[0.0, 0.0, -9.746192893401009]
[0.0, 0.0, -9.441624365482227]
[0.0, 0.0, -9.137055837563445]
[0.0, 0.0, -8.832487309644662]
[0.0, 0.0, -8.527918781725887]
[0.0, 0.0, -8.223350253807105]
[0.0, 0.0, -7.918781725888323]
[0.0, 0.0, -7.614213197969541]
[0.0, 0.0, -7.3096446700507585]
[0.0, 0.0, -7.005076142131976]
[0.0, 0.0, -6.700507614213194]
[0.0, 0.0, -6.395939086294412]
[0.0, 0.0, -6.09137055837563]
[0.0, 0.0, -5.7868020304568475]
[0.0, 0.0, -5.482233502538065]
[0.0, 0.0, -5.177664974619283]
[0.0, 0.0, -4.873096446700501]
[0.0, 0.0, -4.568527918781719]
[0.0, 0.0, -4.2639593908629365]
[0.0, 0.0, -3.9593908629441614]
[0.0, 0.0, -3.6548223350253792]
[0.0, 0.0, -3.350253807106597]
[0.0, 0.0, -3.045685279187815]
[0.0, 0.0, -2.7411167512690326]
[0.0, 0.0, -2.4365482233502505]
[0.0, 0.0, -2.1319796954314683]
[0.0, 0.0, -1.827411167512686]
[0.0, 0.0, -1.5228426395939039]
[0.0, 0.0, -1.2182741116751217]
[0.0, 0.0, -0.9137055837563395]
[0.0, 0.0, -0.6091370558375573]
[0.0, 0.0, -0.3045685279187751]
[0, 0, 0]
[0, 0, 0]
[0, 0, 0]
[0, 0, 0]
[0, 0, 0]
[0, 0, 0]
[0, 0, 0]
[0, 0, 0]
[0, 0, 0]
[0, 0, 0]
[0, 0, 0]
[0, 0, 0]
[0, 0, 0]
[0, 0, 0]
[0, 0, 0]
[0, 0, 0]
[0, 0, 0]
[0, 0, 0]
[0, 0, 0]
[0, 0, 0]
[0, 0, 0]
[0, 0, 0]
[0, 0, 0]
[0, 0, 0]
[0, 0, 0]
[0, 0, 0]
[0, 0, 0]
[0, 0, 0]
[0, 0, 0]
[0, 0, 0]
[0, 0, 0]
[0, 0, 0]
[0, 0, 0]
[0, 0, 0]
[0, 0, 0]
[0, 0, 0]
[0, 0, 0]
[0, 0, 0]
[0, 0, 0]
[0, 0, 0]
[0, 0, 0]
[0, 0, 0]
[0, 0, 0]
[0, 0, 0]
[0, 0, 0]
[0, 0, 0]
[0, 0, 0]
[0, 0, 0]
[0, 0, 0]
[0, 0, 0]
[0, 0, 0]
[0, 0, 0]
[0, 0, 0]
[0, 0, 0]
[0, 0, 0]
[0, 0, 0]
[0, 0, 0]
[0, 0, 0]
[0, 0, 0]
[0, 0, 0]
[0, 0, 0]
[0, 0, 0]
[0, 0, 0]
[0, 0, 0]
[0, 0, 0]
[0, 0, 0]
[0, 0, 0]
[0, 0, 0]
[0, 0, 0]
[0, 0, 0]
[0, 0, 0]
[0, 0, 0]
[0, 0, 0]
[0, 0, 0]
[0, 0, 0]
[0, 0, 0]
[0, 0, 0]
[0, 0, 0]
[0, 0, 0]
[0, 0, 0]
[0, 0, 0]
[0, 0, 0]
[0, 0, 0]
[0, 0, 0]
[0, 0, 0]
[0, 0, 0]
[0, 0, 0]
[0, 0, 0]
[0, 0, 0]
[0, 0, 0]
[0, 0, 0]
[0, 0, 0]
[0, 0, 0]
[0, 0, 0]
[0, 0, 0]
[0, 0, 0]
[0, 0, 0]
[0, 0, 0]
[0, 0, 0]
[0, 0, 0]
[0, 0, 0]
[0, 0, 0]
[0, 0, 0]
[0, 0, 0]
[0, 0, 0]
[0, 0, 0]
[0, 0, 0]
[0, 0, 0]
[0, 0, 0]
[0, 0, 0]
[0, 0, 0]
[0, 0, 0]
[0, 0, 0]
[0, 0, 0]
[0, 0, 0]
[0, 0, 0]
[0, 0, 0]
[0, 0, 0]
[0, 0, 0]
[0, 0, 0]
[0, 0, 0]
[0, 0, 0]
[0, 0, 0]
[0, 0, 0]
[0, 0, 0]
[0, 0, 0]
[0, 0, 0]
[0, 0, 0]
[0, 0, 0]
[0, 0, 0]
[0, 0, 0]
[0, 0, 0]
[0, 0, 0]
[0, 0, 0]
[0, 0, 0]
[0, 0, 0]
[0, 0, 0]
[0, 0, 0]
[0, 0, 0]
[0, 0, 0]
[0, 0, 0]
[0, 0, 0]
[0, 0, 0]
[0, 0, 0]
[0, 0, 0]
[0, 0, 0]
[0, 0, 0]
[0, 0, 0]
[0, 0, 0]
[0, 0, 0]
[0, 0, 0]
[0, 0, 0]
[0, 0, 0]
[0, 0, 0]
[0, 0, 0]
[0, 0, 0]
[0, 0, 0]
[0, 0, 0]
[0, 0, 0]
[0, 0, 0]
[0, 0, 0]
[0, 0, 0]
[0, 0, 0]
[0, 0, 0]
[0, 0, 0]
[0, 0, 0]
[0, 0, 0]
[0, 0, 0]
[0, 0, 0]
[0, 0, 0]
[0, 0, 0]
[0, 0, 0]
[0, 0, 0]
[0, 0, 0]
[0, 0, 0]
[0, 0, 0]
[0, 0, 0]
[0, 0, 0]
[0, 0, 0]
[0, 0, 0]
[0, 0, 0]
[0, 0, 0]
[0, 0, 0]
[0, 0, 0]
[0, 0, 0]
[0, 0, 0]
[0, 0, 0]
[0, 0, 0]
[0, 0, 0]
[0, 0, 0]
[0, 0, 0]
[0, 0, 0]
[0, 0, 0]
[0, 0, 0]
[0, 0, 0]
[0, 0, 0]
[0, 0, 0]
