72
10
[0.0, 0.0, 210.0]
[0.0, 0.0, 209.16666666666666]
[0.0, 0.0, 208.33333333333334]
[0.0, 0.0, 207.5]
[0.0, 0.0, 206.66666666666666]
[0.0, 0.0, 205.83333333333334]
[0.0, 0.0, 205.0]
[0.0, 0.0, 204.16666666666666]
[0.0, 0.0, 203.33333333333334]
[0.0, 0.0, 202.5]
[0.0, 0.0, 201.66666666666666]
[0.0, 0.0, 200.83333333333334]
[0.0, 0.0, 200.0]
[0.0, 0.0, 199.16666666666666]
[0.0, 0.0, 198.33333333333334]
[0.0, 0.0, 197.5]
[0.0, 0.0, 196.66666666666666]
[0.0, 0.0, 195.83333333333334]
[0.0, 0.0, 195.0]
[0.0, 0.0, 194.16666666666666]
[0.0, 0.0, 193.33333333333334]
[0.0, 0.0, 192.5]
[0.0, 0.0, 191.66666666666666]
[0.0, 0.0, 190.83333333333334]
[0.0, 0.0, 190.0]
[0.0, 0.0, 189.16666666666666]
[0.0, 0.0, 188.33333333333334]
[0.0, 0.0, 187.5]
[0.0, 0.0, 186.66666666666666]
[0.0, 0.0, 185.83333333333334]
[0.0, 0.0, 185.0]
[0.0, 0.0, 184.16666666666666]
[0.0, 0.0, 183.33333333333334]
[0.0, 0.0, 182.5]
[0.0, 0.0, 181.66666666666666]
[0.0, 0.0, 180.83333333333334]
[0.0, 0.0, 180.0]
[0.0, 0.0, 179.16666666666666]
[0.0, 0.0, 178.33333333333334]
[0.0, 0.0, 177.5]
[0.0, 0.0, 176.66666666666666]
[0.0, 0.0, 175.83333333333331]
[0.0, 0.0, 175.0]
[0.0, 0.0, 174.16666666666666]
[0.0, 0.0, 173.33333333333331]
[0.0, 0.0, 172.5]
[0.0, 0.0, 171.66666666666666]
[0.0, 0.0, 170.83333333333331]
[0.0, 0.0, 170.0]
[0.0, 0.0, 169.16666666666666]
[0.0, 0.0, 168.33333333333331]
[0.0, 0.0, 167.5]
[0.0, 0.0, 166.66666666666666]
[0.0, 0.0, 165.83333333333331]
[0.0, 0.0, 165.0]
[0.0, 0.0, 164.16666666666666]
[0.0, 0.0, 163.33333333333331]
[0.0, 0.0, 162.5]
[0.0, 0.0, 161.66666666666666]
[0.0, 0.0, 160.83333333333331]
[0.0, 0.0, 160.0]
[0.0, 0.0, 159.16666666666666]
[0.0, 0.0, 158.33333333333331]
[0.0, 0.0, 157.5]
[0.0, 0.0, 156.66666666666666]
[0.0, 0.0, 155.83333333333331]
[0.0, 0.0, 155.0]
[0.0, 0.0, 154.16666666666666]
[0.0, 0.0, 153.33333333333331]
[0.0, 0.0, 152.5]
[0.0, 0.0, 151.66666666666666]
[0.0, 0.0, 150.83333333333331]
[0, 0, 0]
[0, 0, 0]
[0, 0, 0]
[0, 0, 0]
[0, 0, 0]
[0, 0, 0]
[0, 0, 0]
[0, 0, 0]
[0, 0, 0]
[0, 0, 0]
[0, 0, 0]
[0, 0, 0]
[0, 0, 0]
[0, 0, 0]
[0, 0, 0]
[0, 0, 0]
[0, 0, 0]
[0, 0, 0]
[0, 0, 0]
[0, 0, 0]
[0, 0, 0]
[0, 0, 0]
[0, 0, 0]
[0, 0, 0]
[0, 0, 0]
[0, 0, 0]
[0, 0, 0]
[0, 0, 0]
[0, 0, 0]
[0, 0, 0]
[0, 0, 0]
[0, 0, 0]
[0, 0, 0]
[0, 0, 0]
[0, 0, 0]
[0, 0, 0]
[0, 0, 0]
[0, 0, 0]
[0, 0, 0]
[0, 0, 0]
[0, 0, 0]
[0, 0, 0]
[0, 0, 0]
[0, 0, 0]
[0, 0, 0]
[0, 0, 0]
[0, 0, 0]
[0, 0, 0]
[0, 0, 0]
[0, 0, 0]
[0, 0, 0]
[0, 0, 0]
[0, 0, 0]
[0, 0, 0]
[0, 0, 0]
[0, 0, 0]
[0, 0, 0]
[0, 0, 0]
[0, 0, 0]
[0, 0, 0]
[0, 0, 0]
[0, 0, 0]
[0, 0, 0]
[0, 0, 0]
[0, 0, 0]
[0, 0, 0]
[0, 0, 0]
[0, 0, 0]
[0, 0, 0]
[0, 0, 0]
[0, 0, 0]
[0, 0, 0]
