30
10
[0.0, 0.0, -1090.0]
[0.0, 0.0, -1092.0]
[0.0, 0.0, -1094.0]
[0.0, 0.0, -1096.0]
[0.0, 0.0, -1098.0]
[0.0, 0.0, -1100.0]
[0.0, 0.0, -1102.0]
[0.0, 0.0, -1104.0]
[0.0, 0.0, -1106.0]
[0.0, 0.0, -1108.0]
[0.0, 0.0, -1110.0]
[0.0, 0.0, -1112.0]
[0.0, 0.0, -1114.0]
[0.0, 0.0, -1116.0]
[0.0, 0.0, -1118.0]
[0.0, 0.0, -1120.0]
[0.0, 0.0, -1122.0]
[0.0, 0.0, -1124.0]
[0.0, 0.0, -1126.0]
[0.0, 0.0, -1128.0]
[0.0, 0.0, -1130.0]
[0.0, 0.0, -1132.0]
[0.0, 0.0, -1134.0]
[0.0, 0.0, -1136.0]
[0.0, 0.0, -1138.0]
[0.0, 0.0, -1140.0]
[0.0, 0.0, -1142.0]
[0.0, 0.0, -1144.0]
[0.0, 0.0, -1146.0]
[0.0, 0.0, -1148.0]
[0, 0, 0]
[0, 0, 0]
[0, 0, 0]
[0, 0, 0]
[0, 0, 0]
[0, 0, 0]
[0, 0, 0]
[0, 0, 0]
[0, 0, 0]
[0, 0, 0]
[0, 0, 0]
[0, 0, 0]
[0, 0, 0]
[0, 0, 0]
[0, 0, 0]
[0, 0, 0]
[0, 0, 0]
[0, 0, 0]
[0, 0, 0]
[0, 0, 0]
[0, 0, 0]
[0, 0, 0]
[0, 0, 0]
[0, 0, 0]
[0, 0, 0]
[0, 0, 0]
[0, 0, 0]
[0, 0, 0]
[0, 0, 0]
[0, 0, 0]
