30
10
[0.0, 0.0, -750.0]
[0.0, 0.0, -753.3333333333334]
[0.0, 0.0, -756.6666666666666]
[0.0, 0.0, -760.0]
[0.0, 0.0, -763.3333333333334]
[0.0, 0.0, -766.6666666666666]
[0.0, 0.0, -770.0]
[0.0, 0.0, -773.3333333333334]
[0.0, 0.0, -776.6666666666666]
[0.0, 0.0, -780.0]
[0.0, 0.0, -783.3333333333334]
[0.0, 0.0, -786.6666666666666]
[0.0, 0.0, -790.0]
[0.0, 0.0, -793.3333333333334]
[0.0, 0.0, -796.6666666666666]
[0.0, 0.0, -800.0]
[0.0, 0.0, -803.3333333333334]
[0.0, 0.0, -806.6666666666666]
[0.0, 0.0, -810.0]
[0.0, 0.0, -813.3333333333334]
[0.0, 0.0, -816.6666666666666]
[0.0, 0.0, -820.0]
[0.0, 0.0, -823.3333333333334]
[0.0, 0.0, -826.6666666666666]
[0.0, 0.0, -830.0]
[0.0, 0.0, -833.3333333333334]
[0.0, 0.0, -836.6666666666666]
[0.0, 0.0, -840.0]
[0.0, 0.0, -843.3333333333334]
[0.0, 0.0, -846.6666666666666]
[0, 0, 0]
[0, 0, 0]
[0, 0, 0]
[0, 0, 0]
[0, 0, 0]
[0, 0, 0]
[0, 0, 0]
[0, 0, 0]
[0, 0, 0]
[0, 0, 0]
[0, 0, 0]
[0, 0, 0]
[0, 0, 0]
[0, 0, 0]
[0, 0, 0]
[0, 0, 0]
[0, 0, 0]
[0, 0, 0]
[0, 0, 0]
[0, 0, 0]
[0, 0, 0]
[0, 0, 0]
[0, 0, 0]
[0, 0, 0]
[0, 0, 0]
[0, 0, 0]
[0, 0, 0]
[0, 0, 0]
[0, 0, 0]
[0, 0, 0]
