168
10
[0.0, 0.0, 210.0]
[0.0, 0.0, 209.64285714285714]
[0.0, 0.0, 209.28571428571428]
[0.0, 0.0, 208.92857142857142]
[0.0, 0.0, 208.57142857142858]
[0.0, 0.0, 208.21428571428572]
[0.0, 0.0, 207.85714285714286]
[0.0, 0.0, 207.5]
[0.0, 0.0, 207.14285714285714]
[0.0, 0.0, 206.78571428571428]
[0.0, 0.0, 206.42857142857142]
[0.0, 0.0, 206.07142857142858]
[0.0, 0.0, 205.71428571428572]
[0.0, 0.0, 205.35714285714286]
[0.0, 0.0, 205.0]
[0.0, 0.0, 204.64285714285714]
[0.0, 0.0, 204.28571428571428]
[0.0, 0.0, 203.92857142857142]
[0.0, 0.0, 203.57142857142858]
[0.0, 0.0, 203.21428571428572]
[0.0, 0.0, 202.85714285714286]
[0.0, 0.0, 202.5]
[0.0, 0.0, 202.14285714285714]
[0.0, 0.0, 201.78571428571428]
[0.0, 0.0, 201.42857142857142]
[0.0, 0.0, 201.07142857142858]
[0.0, 0.0, 200.71428571428572]
[0.0, 0.0, 200.35714285714286]
[0.0, 0.0, 200.0]
[0.0, 0.0, 199.64285714285714]
[0.0, 0.0, 199.28571428571428]
[0.0, 0.0, 198.92857142857142]
[0.0, 0.0, 198.57142857142858]
[0.0, 0.0, 198.21428571428572]
[0.0, 0.0, 197.85714285714286]
[0.0, 0.0, 197.5]
[0.0, 0.0, 197.14285714285714]
[0.0, 0.0, 196.78571428571428]
[0.0, 0.0, 196.42857142857142]
[0.0, 0.0, 196.07142857142858]
[0.0, 0.0, 195.71428571428572]
[0.0, 0.0, 195.35714285714286]
[0.0, 0.0, 195.0]
[0.0, 0.0, 194.64285714285714]
[0.0, 0.0, 194.28571428571428]
[0.0, 0.0, 193.92857142857142]
[0.0, 0.0, 193.57142857142856]
[0.0, 0.0, 193.21428571428572]
[0.0, 0.0, 192.85714285714286]
[0.0, 0.0, 192.5]
[0.0, 0.0, 192.14285714285714]
[0.0, 0.0, 191.78571428571428]
[0.0, 0.0, 191.42857142857142]
[0.0, 0.0, 191.07142857142856]
[0.0, 0.0, 190.71428571428572]
[0.0, 0.0, 190.35714285714286]
[0.0, 0.0, 190.0]
[0.0, 0.0, 189.64285714285714]
[0.0, 0.0, 189.28571428571428]
[0.0, 0.0, 188.92857142857142]
[0.0, 0.0, 188.57142857142856]
[0.0, 0.0, 188.21428571428572]
[0.0, 0.0, 187.85714285714286]
[0.0, 0.0, 187.5]
[0.0, 0.0, 187.14285714285714]
[0.0, 0.0, 186.78571428571428]
[0.0, 0.0, 186.42857142857142]
[0.0, 0.0, 186.07142857142856]
[0.0, 0.0, 185.71428571428572]
[0.0, 0.0, 185.35714285714286]
[0.0, 0.0, 185.0]
[0.0, 0.0, 184.64285714285714]
[0.0, 0.0, 184.28571428571428]
[0.0, 0.0, 183.92857142857142]
[0.0, 0.0, 183.57142857142856]
[0.0, 0.0, 183.21428571428572]
[0.0, 0.0, 182.85714285714286]
[0.0, 0.0, 182.5]
[0.0, 0.0, 182.14285714285714]
[0.0, 0.0, 181.78571428571428]
[0.0, 0.0, 181.42857142857142]
[0.0, 0.0, 181.07142857142856]
[0.0, 0.0, 180.71428571428572]
[0.0, 0.0, 180.35714285714286]
[0.0, 0.0, 180.0]
[0.0, 0.0, 179.64285714285714]
[0.0, 0.0, 179.28571428571428]
[0.0, 0.0, 178.92857142857142]
[0.0, 0.0, 178.57142857142856]
[0.0, 0.0, 178.21428571428572]
[0.0, 0.0, 177.85714285714286]
[0.0, 0.0, 177.5]
[0.0, 0.0, 177.14285714285714]
[0.0, 0.0, 176.78571428571428]
[0.0, 0.0, 176.42857142857144]
[0.0, 0.0, 176.07142857142856]
[0.0, 0.0, 175.71428571428572]
[0.0, 0.0, 175.35714285714286]
[0.0, 0.0, 175.0]
[0.0, 0.0, 174.64285714285714]
[0.0, 0.0, 174.28571428571428]
[0.0, 0.0, 173.92857142857144]
[0.0, 0.0, 173.57142857142856]
[0.0, 0.0, 173.21428571428572]
[0.0, 0.0, 172.85714285714286]
[0.0, 0.0, 172.5]
[0.0, 0.0, 172.14285714285714]
[0.0, 0.0, 171.78571428571428]
[0.0, 0.0, 171.42857142857144]
[0.0, 0.0, 171.07142857142856]
[0.0, 0.0, 170.71428571428572]
[0.0, 0.0, 170.35714285714286]
[0.0, 0.0, 170.0]
[0.0, 0.0, 169.64285714285714]
[0.0, 0.0, 169.28571428571428]
[0.0, 0.0, 168.92857142857144]
[0.0, 0.0, 168.57142857142856]
[0.0, 0.0, 168.21428571428572]
[0.0, 0.0, 167.85714285714286]
[0.0, 0.0, 167.5]
[0.0, 0.0, 167.14285714285714]
[0.0, 0.0, 166.78571428571428]
[0.0, 0.0, 166.42857142857144]
[0.0, 0.0, 166.07142857142856]
[0.0, 0.0, 165.71428571428572]
[0.0, 0.0, 165.35714285714286]
[0.0, 0.0, 165.0]
[0.0, 0.0, 164.64285714285714]
[0.0, 0.0, 164.28571428571428]
[0.0, 0.0, 163.92857142857144]
[0.0, 0.0, 163.57142857142856]
[0.0, 0.0, 163.21428571428572]
[0.0, 0.0, 162.85714285714286]
[0.0, 0.0, 162.5]
[0.0, 0.0, 162.14285714285714]
[0.0, 0.0, 161.78571428571428]
[0.0, 0.0, 161.42857142857144]
[0.0, 0.0, 161.07142857142856]
[0.0, 0.0, 160.71428571428572]
[0.0, 0.0, 160.35714285714286]
[0.0, 0.0, 160.0]
[0.0, 0.0, 159.64285714285714]
[0.0, 0.0, 159.28571428571428]
[0.0, 0.0, 158.92857142857144]
[0.0, 0.0, 158.57142857142856]
[0.0, 0.0, 158.21428571428572]
[0.0, 0.0, 157.85714285714286]
[0.0, 0.0, 157.5]
[0.0, 0.0, 157.14285714285714]
[0.0, 0.0, 156.78571428571428]
[0.0, 0.0, 156.42857142857144]
[0.0, 0.0, 156.07142857142856]
[0.0, 0.0, 155.71428571428572]
[0.0, 0.0, 155.35714285714286]
[0.0, 0.0, 155.0]
[0.0, 0.0, 154.64285714285714]
[0.0, 0.0, 154.28571428571428]
[0.0, 0.0, 153.92857142857144]
[0.0, 0.0, 153.57142857142856]
[0.0, 0.0, 153.21428571428572]
[0.0, 0.0, 152.85714285714286]
[0.0, 0.0, 152.5]
[0.0, 0.0, 152.14285714285714]
[0.0, 0.0, 151.78571428571428]
[0.0, 0.0, 151.42857142857144]
[0.0, 0.0, 151.07142857142856]
[0.0, 0.0, 150.71428571428572]
[0.0, 0.0, 150.35714285714286]
[0, 0, 0]
[0, 0, 0]
[0, 0, 0]
[0, 0, 0]
[0, 0, 0]
[0, 0, 0]
[0, 0, 0]
[0, 0, 0]
[0, 0, 0]
[0, 0, 0]
[0, 0, 0]
[0, 0, 0]
[0, 0, 0]
[0, 0, 0]
[0, 0, 0]
[0, 0, 0]
[0, 0, 0]
[0, 0, 0]
[0, 0, 0]
[0, 0, 0]
[0, 0, 0]
[0, 0, 0]
[0, 0, 0]
[0, 0, 0]
[0, 0, 0]
[0, 0, 0]
[0, 0, 0]
[0, 0, 0]
[0, 0, 0]
[0, 0, 0]
[0, 0, 0]
[0, 0, 0]
[0, 0, 0]
[0, 0, 0]
[0, 0, 0]
[0, 0, 0]
[0, 0, 0]
[0, 0, 0]
[0, 0, 0]
[0, 0, 0]
[0, 0, 0]
[0, 0, 0]
[0, 0, 0]
[0, 0, 0]
[0, 0, 0]
[0, 0, 0]
[0, 0, 0]
[0, 0, 0]
[0, 0, 0]
[0, 0, 0]
[0, 0, 0]
[0, 0, 0]
[0, 0, 0]
[0, 0, 0]
[0, 0, 0]
[0, 0, 0]
[0, 0, 0]
[0, 0, 0]
[0, 0, 0]
[0, 0, 0]
[0, 0, 0]
[0, 0, 0]
[0, 0, 0]
[0, 0, 0]
[0, 0, 0]
[0, 0, 0]
[0, 0, 0]
[0, 0, 0]
[0, 0, 0]
[0, 0, 0]
[0, 0, 0]
[0, 0, 0]
[0, 0, 0]
[0, 0, 0]
[0, 0, 0]
[0, 0, 0]
[0, 0, 0]
[0, 0, 0]
[0, 0, 0]
[0, 0, 0]
[0, 0, 0]
[0, 0, 0]
[0, 0, 0]
[0, 0, 0]
[0, 0, 0]
[0, 0, 0]
[0, 0, 0]
[0, 0, 0]
[0, 0, 0]
[0, 0, 0]
[0, 0, 0]
[0, 0, 0]
[0, 0, 0]
[0, 0, 0]
[0, 0, 0]
[0, 0, 0]
[0, 0, 0]
[0, 0, 0]
[0, 0, 0]
[0, 0, 0]
[0, 0, 0]
[0, 0, 0]
[0, 0, 0]
[0, 0, 0]
[0, 0, 0]
[0, 0, 0]
[0, 0, 0]
[0, 0, 0]
[0, 0, 0]
[0, 0, 0]
[0, 0, 0]
[0, 0, 0]
[0, 0, 0]
[0, 0, 0]
[0, 0, 0]
[0, 0, 0]
[0, 0, 0]
[0, 0, 0]
[0, 0, 0]
[0, 0, 0]
[0, 0, 0]
[0, 0, 0]
[0, 0, 0]
[0, 0, 0]
[0, 0, 0]
[0, 0, 0]
[0, 0, 0]
[0, 0, 0]
[0, 0, 0]
[0, 0, 0]
[0, 0, 0]
[0, 0, 0]
[0, 0, 0]
[0, 0, 0]
[0, 0, 0]
[0, 0, 0]
[0, 0, 0]
[0, 0, 0]
[0, 0, 0]
[0, 0, 0]
[0, 0, 0]
[0, 0, 0]
[0, 0, 0]
[0, 0, 0]
[0, 0, 0]
[0, 0, 0]
[0, 0, 0]
[0, 0, 0]
[0, 0, 0]
[0, 0, 0]
[0, 0, 0]
[0, 0, 0]
[0, 0, 0]
[0, 0, 0]
[0, 0, 0]
[0, 0, 0]
[0, 0, 0]
[0, 0, 0]
[0, 0, 0]
[0, 0, 0]
[0, 0, 0]
[0, 0, 0]
[0, 0, 0]
[0, 0, 0]
[0, 0, 0]
[0, 0, 0]
[0, 0, 0]
[0, 0, 0]
