30
10
[0.0, 0.0, -1350.0]
[0.0, 0.0, -1353.3333333333333]
[0.0, 0.0, -1356.6666666666667]
[0.0, 0.0, -1360.0]
[0.0, 0.0, -1363.3333333333333]
[0.0, 0.0, -1366.6666666666667]
[0.0, 0.0, -1370.0]
[0.0, 0.0, -1373.3333333333333]
[0.0, 0.0, -1376.6666666666667]
[0.0, 0.0, -1380.0]
[0.0, 0.0, -1383.3333333333333]
[0.0, 0.0, -1386.6666666666667]
[0.0, 0.0, -1390.0]
[0.0, 0.0, -1393.3333333333333]
[0.0, 0.0, -1396.6666666666667]
[0.0, 0.0, -1400.0]
[0.0, 0.0, -1403.3333333333333]
[0.0, 0.0, -1406.6666666666667]
[0.0, 0.0, -1410.0]
[0.0, 0.0, -1413.3333333333333]
[0.0, 0.0, -1416.6666666666667]
[0.0, 0.0, -1420.0]
[0.0, 0.0, -1423.3333333333333]
[0.0, 0.0, -1426.6666666666667]
[0.0, 0.0, -1430.0]
[0.0, 0.0, -1433.3333333333333]
[0.0, 0.0, -1436.6666666666667]
[0.0, 0.0, -1440.0]
[0.0, 0.0, -1443.3333333333333]
[0.0, 0.0, -1446.6666666666667]
[0, 0, 0]
[0, 0, 0]
[0, 0, 0]
[0, 0, 0]
[0, 0, 0]
[0, 0, 0]
[0, 0, 0]
[0, 0, 0]
[0, 0, 0]
[0, 0, 0]
[0, 0, 0]
[0, 0, 0]
[0, 0, 0]
[0, 0, 0]
[0, 0, 0]
[0, 0, 0]
[0, 0, 0]
[0, 0, 0]
[0, 0, 0]
[0, 0, 0]
[0, 0, 0]
[0, 0, 0]
[0, 0, 0]
[0, 0, 0]
[0, 0, 0]
[0, 0, 0]
[0, 0, 0]
[0, 0, 0]
[0, 0, 0]
[0, 0, 0]
