82
10
[0.0, 0.0, 210.0]
[0.0, 0.0, 209.26829268292684]
[0.0, 0.0, 208.53658536585365]
[0.0, 0.0, 207.8048780487805]
[0.0, 0.0, 207.0731707317073]
[0.0, 0.0, 206.34146341463415]
[0.0, 0.0, 205.609756097561]
[0.0, 0.0, 204.8780487804878]
[0.0, 0.0, 204.14634146341464]
[0.0, 0.0, 203.41463414634146]
[0.0, 0.0, 202.6829268292683]
[0.0, 0.0, 201.9512195121951]
[0.0, 0.0, 201.21951219512195]
[0.0, 0.0, 200.4878048780488]
[0.0, 0.0, 199.7560975609756]
[0.0, 0.0, 199.02439024390245]
[0.0, 0.0, 198.29268292682926]
[0.0, 0.0, 197.5609756097561]
[0.0, 0.0, 196.82926829268294]
[0.0, 0.0, 196.09756097560975]
[0.0, 0.0, 195.3658536585366]
[0.0, 0.0, 194.6341463414634]
[0.0, 0.0, 193.90243902439025]
[0.0, 0.0, 193.1707317073171]
[0.0, 0.0, 192.4390243902439]
[0.0, 0.0, 191.70731707317074]
[0.0, 0.0, 190.97560975609755]
[0.0, 0.0, 190.2439024390244]
[0.0, 0.0, 189.5121951219512]
[0.0, 0.0, 188.78048780487805]
[0.0, 0.0, 188.0487804878049]
[0.0, 0.0, 187.3170731707317]
[0.0, 0.0, 186.58536585365854]
[0.0, 0.0, 185.85365853658536]
[0.0, 0.0, 185.1219512195122]
[0.0, 0.0, 184.390243902439]
[0.0, 0.0, 183.65853658536585]
[0.0, 0.0, 182.9268292682927]
[0.0, 0.0, 182.1951219512195]
[0.0, 0.0, 181.46341463414635]
[0.0, 0.0, 180.7317073170732]
[0.0, 0.0, 180.0]
[0.0, 0.0, 179.26829268292684]
[0.0, 0.0, 178.53658536585365]
[0.0, 0.0, 177.8048780487805]
[0.0, 0.0, 177.0731707317073]
[0.0, 0.0, 176.34146341463415]
[0.0, 0.0, 175.609756097561]
[0.0, 0.0, 174.8780487804878]
[0.0, 0.0, 174.14634146341464]
[0.0, 0.0, 173.41463414634146]
[0.0, 0.0, 172.6829268292683]
[0.0, 0.0, 171.9512195121951]
[0.0, 0.0, 171.21951219512195]
[0.0, 0.0, 170.4878048780488]
[0.0, 0.0, 169.7560975609756]
[0.0, 0.0, 169.02439024390245]
[0.0, 0.0, 168.2926829268293]
[0.0, 0.0, 167.5609756097561]
[0.0, 0.0, 166.8292682926829]
[0.0, 0.0, 166.09756097560975]
[0.0, 0.0, 165.3658536585366]
[0.0, 0.0, 164.6341463414634]
[0.0, 0.0, 163.90243902439025]
[0.0, 0.0, 163.1707317073171]
[0.0, 0.0, 162.4390243902439]
[0.0, 0.0, 161.70731707317074]
[0.0, 0.0, 160.97560975609755]
[0.0, 0.0, 160.2439024390244]
[0.0, 0.0, 159.5121951219512]
[0.0, 0.0, 158.78048780487805]
[0.0, 0.0, 158.0487804878049]
[0.0, 0.0, 157.3170731707317]
[0.0, 0.0, 156.58536585365854]
[0.0, 0.0, 155.85365853658536]
[0.0, 0.0, 155.1219512195122]
[0.0, 0.0, 154.390243902439]
[0.0, 0.0, 153.65853658536585]
[0.0, 0.0, 152.9268292682927]
[0.0, 0.0, 152.1951219512195]
[0.0, 0.0, 151.46341463414635]
[0.0, 0.0, 150.7317073170732]
[0, 0, 0]
[0, 0, 0]
[0, 0, 0]
[0, 0, 0]
[0, 0, 0]
[0, 0, 0]
[0, 0, 0]
[0, 0, 0]
[0, 0, 0]
[0, 0, 0]
[0, 0, 0]
[0, 0, 0]
[0, 0, 0]
[0, 0, 0]
[0, 0, 0]
[0, 0, 0]
[0, 0, 0]
[0, 0, 0]
[0, 0, 0]
[0, 0, 0]
[0, 0, 0]
[0, 0, 0]
[0, 0, 0]
[0, 0, 0]
[0, 0, 0]
[0, 0, 0]
[0, 0, 0]
[0, 0, 0]
[0, 0, 0]
[0, 0, 0]
[0, 0, 0]
[0, 0, 0]
[0, 0, 0]
[0, 0, 0]
[0, 0, 0]
[0, 0, 0]
[0, 0, 0]
[0, 0, 0]
[0, 0, 0]
[0, 0, 0]
[0, 0, 0]
[0, 0, 0]
[0, 0, 0]
[0, 0, 0]
[0, 0, 0]
[0, 0, 0]
[0, 0, 0]
[0, 0, 0]
[0, 0, 0]
[0, 0, 0]
[0, 0, 0]
[0, 0, 0]
[0, 0, 0]
[0, 0, 0]
[0, 0, 0]
[0, 0, 0]
[0, 0, 0]
[0, 0, 0]
[0, 0, 0]
[0, 0, 0]
[0, 0, 0]
[0, 0, 0]
[0, 0, 0]
[0, 0, 0]
[0, 0, 0]
[0, 0, 0]
[0, 0, 0]
[0, 0, 0]
[0, 0, 0]
[0, 0, 0]
[0, 0, 0]
[0, 0, 0]
[0, 0, 0]
[0, 0, 0]
[0, 0, 0]
[0, 0, 0]
[0, 0, 0]
[0, 0, 0]
[0, 0, 0]
[0, 0, 0]
[0, 0, 0]
[0, 0, 0]
