30
10
[0.0, 0.0, -1250.0]
[0.0, 0.0, -1253.3333333333333]
[0.0, 0.0, -1256.6666666666667]
[0.0, 0.0, -1260.0]
[0.0, 0.0, -1263.3333333333333]
[0.0, 0.0, -1266.6666666666667]
[0.0, 0.0, -1270.0]
[0.0, 0.0, -1273.3333333333333]
[0.0, 0.0, -1276.6666666666667]
[0.0, 0.0, -1280.0]
[0.0, 0.0, -1283.3333333333333]
[0.0, 0.0, -1286.6666666666667]
[0.0, 0.0, -1290.0]
[0.0, 0.0, -1293.3333333333333]
[0.0, 0.0, -1296.6666666666667]
[0.0, 0.0, -1300.0]
[0.0, 0.0, -1303.3333333333333]
[0.0, 0.0, -1306.6666666666667]
[0.0, 0.0, -1310.0]
[0.0, 0.0, -1313.3333333333333]
[0.0, 0.0, -1316.6666666666667]
[0.0, 0.0, -1320.0]
[0.0, 0.0, -1323.3333333333333]
[0.0, 0.0, -1326.6666666666667]
[0.0, 0.0, -1330.0]
[0.0, 0.0, -1333.3333333333333]
[0.0, 0.0, -1336.6666666666667]
[0.0, 0.0, -1340.0]
[0.0, 0.0, -1343.3333333333333]
[0.0, 0.0, -1346.6666666666667]
[0, 0, 0]
[0, 0, 0]
[0, 0, 0]
[0, 0, 0]
[0, 0, 0]
[0, 0, 0]
[0, 0, 0]
[0, 0, 0]
[0, 0, 0]
[0, 0, 0]
[0, 0, 0]
[0, 0, 0]
[0, 0, 0]
[0, 0, 0]
[0, 0, 0]
[0, 0, 0]
[0, 0, 0]
[0, 0, 0]
[0, 0, 0]
[0, 0, 0]
[0, 0, 0]
[0, 0, 0]
[0, 0, 0]
[0, 0, 0]
[0, 0, 0]
[0, 0, 0]
[0, 0, 0]
[0, 0, 0]
[0, 0, 0]
[0, 0, 0]
