30
10
[0.0, 0.0, -190.0]
[0.0, 0.0, -192.0]
[0.0, 0.0, -194.0]
[0.0, 0.0, -196.0]
[0.0, 0.0, -198.0]
[0.0, 0.0, -200.0]
[0.0, 0.0, -202.0]
[0.0, 0.0, -204.0]
[0.0, 0.0, -206.0]
[0.0, 0.0, -208.0]
[0.0, 0.0, -210.0]
[0.0, 0.0, -212.0]
[0.0, 0.0, -214.0]
[0.0, 0.0, -216.0]
[0.0, 0.0, -218.0]
[0.0, 0.0, -220.0]
[0.0, 0.0, -222.0]
[0.0, 0.0, -224.0]
[0.0, 0.0, -226.0]
[0.0, 0.0, -228.0]
[0.0, 0.0, -230.0]
[0.0, 0.0, -232.0]
[0.0, 0.0, -234.0]
[0.0, 0.0, -236.0]
[0.0, 0.0, -238.0]
[0.0, 0.0, -240.0]
[0.0, 0.0, -242.0]
[0.0, 0.0, -244.0]
[0.0, 0.0, -246.0]
[0.0, 0.0, -248.0]
[0, 0, 0]
[0, 0, 0]
[0, 0, 0]
[0, 0, 0]
[0, 0, 0]
[0, 0, 0]
[0, 0, 0]
[0, 0, 0]
[0, 0, 0]
[0, 0, 0]
[0, 0, 0]
[0, 0, 0]
[0, 0, 0]
[0, 0, 0]
[0, 0, 0]
[0, 0, 0]
[0, 0, 0]
[0, 0, 0]
[0, 0, 0]
[0, 0, 0]
[0, 0, 0]
[0, 0, 0]
[0, 0, 0]
[0, 0, 0]
[0, 0, 0]
[0, 0, 0]
[0, 0, 0]
[0, 0, 0]
[0, 0, 0]
[0, 0, 0]
