30
10
[0.0, 0.0, 150.0]
[0.0, 0.0, 146.66666666666666]
[0.0, 0.0, 143.33333333333334]
[0.0, 0.0, 140.0]
[0.0, 0.0, 136.66666666666666]
[0.0, 0.0, 133.33333333333334]
[0.0, 0.0, 130.0]
[0.0, 0.0, 126.66666666666666]
[0.0, 0.0, 123.33333333333333]
[0.0, 0.0, 120.0]
[0.0, 0.0, 116.66666666666666]
[0.0, 0.0, 113.33333333333333]
[0.0, 0.0, 110.0]
[0.0, 0.0, 106.66666666666666]
[0.0, 0.0, 103.33333333333333]
[0.0, 0.0, 100.0]
[0.0, 0.0, 96.66666666666666]
[0.0, 0.0, 93.33333333333333]
[0.0, 0.0, 90.0]
[0.0, 0.0, 86.66666666666666]
[0.0, 0.0, 83.33333333333333]
[0.0, 0.0, 80.0]
[0.0, 0.0, 76.66666666666666]
[0.0, 0.0, 73.33333333333333]
[0.0, 0.0, 70.0]
[0.0, 0.0, 66.66666666666666]
[0.0, 0.0, 63.33333333333333]
[0.0, 0.0, 60.0]
[0.0, 0.0, 56.66666666666666]
[0.0, 0.0, 53.33333333333333]
[0, 0, 0]
[0, 0, 0]
[0, 0, 0]
[0, 0, 0]
[0, 0, 0]
[0, 0, 0]
[0, 0, 0]
[0, 0, 0]
[0, 0, 0]
[0, 0, 0]
[0, 0, 0]
[0, 0, 0]
[0, 0, 0]
[0, 0, 0]
[0, 0, 0]
[0, 0, 0]
[0, 0, 0]
[0, 0, 0]
[0, 0, 0]
[0, 0, 0]
[0, 0, 0]
[0, 0, 0]
[0, 0, 0]
[0, 0, 0]
[0, 0, 0]
[0, 0, 0]
[0, 0, 0]
[0, 0, 0]
[0, 0, 0]
[0, 0, 0]
