30
10
[0.0, 0.0, -450.0]
[0.0, 0.0, -453.3333333333333]
[0.0, 0.0, -456.6666666666667]
[0.0, 0.0, -460.0]
[0.0, 0.0, -463.3333333333333]
[0.0, 0.0, -466.6666666666667]
[0.0, 0.0, -470.0]
[0.0, 0.0, -473.3333333333333]
[0.0, 0.0, -476.6666666666667]
[0.0, 0.0, -480.0]
[0.0, 0.0, -483.3333333333333]
[0.0, 0.0, -486.6666666666667]
[0.0, 0.0, -490.0]
[0.0, 0.0, -493.3333333333333]
[0.0, 0.0, -496.6666666666667]
[0.0, 0.0, -500.0]
[0.0, 0.0, -503.3333333333333]
[0.0, 0.0, -506.6666666666667]
[0.0, 0.0, -510.0]
[0.0, 0.0, -513.3333333333334]
[0.0, 0.0, -516.6666666666666]
[0.0, 0.0, -520.0]
[0.0, 0.0, -523.3333333333334]
[0.0, 0.0, -526.6666666666666]
[0.0, 0.0, -530.0]
[0.0, 0.0, -533.3333333333334]
[0.0, 0.0, -536.6666666666666]
[0.0, 0.0, -540.0]
[0.0, 0.0, -543.3333333333334]
[0.0, 0.0, -546.6666666666666]
[0, 0, 0]
[0, 0, 0]
[0, 0, 0]
[0, 0, 0]
[0, 0, 0]
[0, 0, 0]
[0, 0, 0]
[0, 0, 0]
[0, 0, 0]
[0, 0, 0]
[0, 0, 0]
[0, 0, 0]
[0, 0, 0]
[0, 0, 0]
[0, 0, 0]
[0, 0, 0]
[0, 0, 0]
[0, 0, 0]
[0, 0, 0]
[0, 0, 0]
[0, 0, 0]
[0, 0, 0]
[0, 0, 0]
[0, 0, 0]
[0, 0, 0]
[0, 0, 0]
[0, 0, 0]
[0, 0, 0]
[0, 0, 0]
[0, 0, 0]
