47
10
[0.0, 0.0, 210.0]
[0.0, 0.0, 208.72340425531914]
[0.0, 0.0, 207.4468085106383]
[0.0, 0.0, 206.17021276595744]
[0.0, 0.0, 204.89361702127658]
[0.0, 0.0, 203.61702127659575]
[0.0, 0.0, 202.3404255319149]
[0.0, 0.0, 201.06382978723406]
[0.0, 0.0, 199.7872340425532]
[0.0, 0.0, 198.51063829787233]
[0.0, 0.0, 197.2340425531915]
[0.0, 0.0, 195.95744680851064]
[0.0, 0.0, 194.68085106382978]
[0.0, 0.0, 193.40425531914894]
[0.0, 0.0, 192.12765957446808]
[0.0, 0.0, 190.85106382978722]
[0.0, 0.0, 189.5744680851064]
[0.0, 0.0, 188.29787234042553]
[0.0, 0.0, 187.02127659574467]
[0.0, 0.0, 185.74468085106383]
[0.0, 0.0, 184.46808510638297]
[0.0, 0.0, 183.1914893617021]
[0.0, 0.0, 181.91489361702128]
[0.0, 0.0, 180.63829787234042]
[0.0, 0.0, 179.36170212765958]
[0.0, 0.0, 178.08510638297872]
[0.0, 0.0, 176.80851063829786]
[0.0, 0.0, 175.53191489361703]
[0.0, 0.0, 174.25531914893617]
[0.0, 0.0, 172.97872340425533]
[0.0, 0.0, 171.70212765957447]
[0.0, 0.0, 170.4255319148936]
[0.0, 0.0, 169.14893617021278]
[0.0, 0.0, 167.87234042553192]
[0.0, 0.0, 166.59574468085106]
[0.0, 0.0, 165.31914893617022]
[0.0, 0.0, 164.04255319148936]
[0.0, 0.0, 162.7659574468085]
[0.0, 0.0, 161.48936170212767]
[0.0, 0.0, 160.2127659574468]
[0.0, 0.0, 158.93617021276594]
[0.0, 0.0, 157.6595744680851]
[0.0, 0.0, 156.38297872340425]
[0.0, 0.0, 155.1063829787234]
[0.0, 0.0, 153.82978723404256]
[0.0, 0.0, 152.5531914893617]
[0.0, 0.0, 151.27659574468083]
[0, 0, 0]
[0, 0, 0]
[0, 0, 0]
[0, 0, 0]
[0, 0, 0]
[0, 0, 0]
[0, 0, 0]
[0, 0, 0]
[0, 0, 0]
[0, 0, 0]
[0, 0, 0]
[0, 0, 0]
[0, 0, 0]
[0, 0, 0]
[0, 0, 0]
[0, 0, 0]
[0, 0, 0]
[0, 0, 0]
[0, 0, 0]
[0, 0, 0]
[0, 0, 0]
[0, 0, 0]
[0, 0, 0]
[0, 0, 0]
[0, 0, 0]
[0, 0, 0]
[0, 0, 0]
[0, 0, 0]
[0, 0, 0]
[0, 0, 0]
[0, 0, 0]
[0, 0, 0]
[0, 0, 0]
[0, 0, 0]
[0, 0, 0]
[0, 0, 0]
[0, 0, 0]
[0, 0, 0]
[0, 0, 0]
[0, 0, 0]
[0, 0, 0]
[0, 0, 0]
[0, 0, 0]
[0, 0, 0]
[0, 0, 0]
[0, 0, 0]
[0, 0, 0]
