110
10
[0.0, 0.0, 210.0]
[0.0, 0.0, 209.45454545454547]
[0.0, 0.0, 208.9090909090909]
[0.0, 0.0, 208.36363636363637]
[0.0, 0.0, 207.8181818181818]
[0.0, 0.0, 207.27272727272728]
[0.0, 0.0, 206.72727272727272]
[0.0, 0.0, 206.1818181818182]
[0.0, 0.0, 205.63636363636363]
[0.0, 0.0, 205.0909090909091]
[0.0, 0.0, 204.54545454545453]
[0.0, 0.0, 204.0]
[0.0, 0.0, 203.45454545454547]
[0.0, 0.0, 202.9090909090909]
[0.0, 0.0, 202.36363636363637]
[0.0, 0.0, 201.8181818181818]
[0.0, 0.0, 201.27272727272728]
[0.0, 0.0, 200.72727272727272]
[0.0, 0.0, 200.1818181818182]
[0.0, 0.0, 199.63636363636363]
[0.0, 0.0, 199.0909090909091]
[0.0, 0.0, 198.54545454545456]
[0.0, 0.0, 198.0]
[0.0, 0.0, 197.45454545454547]
[0.0, 0.0, 196.9090909090909]
[0.0, 0.0, 196.36363636363637]
[0.0, 0.0, 195.8181818181818]
[0.0, 0.0, 195.27272727272728]
[0.0, 0.0, 194.72727272727272]
[0.0, 0.0, 194.1818181818182]
[0.0, 0.0, 193.63636363636363]
[0.0, 0.0, 193.0909090909091]
[0.0, 0.0, 192.54545454545456]
[0.0, 0.0, 192.0]
[0.0, 0.0, 191.45454545454547]
[0.0, 0.0, 190.9090909090909]
[0.0, 0.0, 190.36363636363637]
[0.0, 0.0, 189.8181818181818]
[0.0, 0.0, 189.27272727272728]
[0.0, 0.0, 188.72727272727272]
[0.0, 0.0, 188.1818181818182]
[0.0, 0.0, 187.63636363636363]
[0.0, 0.0, 187.0909090909091]
[0.0, 0.0, 186.54545454545456]
[0.0, 0.0, 186.0]
[0.0, 0.0, 185.45454545454547]
[0.0, 0.0, 184.9090909090909]
[0.0, 0.0, 184.36363636363637]
[0.0, 0.0, 183.8181818181818]
[0.0, 0.0, 183.27272727272728]
[0.0, 0.0, 182.72727272727272]
[0.0, 0.0, 182.1818181818182]
[0.0, 0.0, 181.63636363636363]
[0.0, 0.0, 181.0909090909091]
[0.0, 0.0, 180.54545454545456]
[0.0, 0.0, 180.0]
[0.0, 0.0, 179.45454545454547]
[0.0, 0.0, 178.9090909090909]
[0.0, 0.0, 178.36363636363637]
[0.0, 0.0, 177.8181818181818]
[0.0, 0.0, 177.27272727272728]
[0.0, 0.0, 176.72727272727272]
[0.0, 0.0, 176.1818181818182]
[0.0, 0.0, 175.63636363636363]
[0.0, 0.0, 175.0909090909091]
[0.0, 0.0, 174.54545454545456]
[0.0, 0.0, 174.0]
[0.0, 0.0, 173.45454545454547]
[0.0, 0.0, 172.9090909090909]
[0.0, 0.0, 172.36363636363637]
[0.0, 0.0, 171.8181818181818]
[0.0, 0.0, 171.27272727272728]
[0.0, 0.0, 170.72727272727275]
[0.0, 0.0, 170.1818181818182]
[0.0, 0.0, 169.63636363636363]
[0.0, 0.0, 169.0909090909091]
[0.0, 0.0, 168.54545454545456]
[0.0, 0.0, 168.0]
[0.0, 0.0, 167.45454545454547]
[0.0, 0.0, 166.9090909090909]
[0.0, 0.0, 166.36363636363637]
[0.0, 0.0, 165.8181818181818]
[0.0, 0.0, 165.27272727272728]
[0.0, 0.0, 164.72727272727275]
[0.0, 0.0, 164.1818181818182]
[0.0, 0.0, 163.63636363636363]
[0.0, 0.0, 163.0909090909091]
[0.0, 0.0, 162.54545454545456]
[0.0, 0.0, 162.0]
[0.0, 0.0, 161.45454545454547]
[0.0, 0.0, 160.9090909090909]
[0.0, 0.0, 160.36363636363637]
[0.0, 0.0, 159.8181818181818]
[0.0, 0.0, 159.27272727272728]
[0.0, 0.0, 158.72727272727275]
[0.0, 0.0, 158.1818181818182]
[0.0, 0.0, 157.63636363636363]
[0.0, 0.0, 157.0909090909091]
[0.0, 0.0, 156.54545454545456]
[0.0, 0.0, 156.0]
[0.0, 0.0, 155.45454545454547]
[0.0, 0.0, 154.9090909090909]
[0.0, 0.0, 154.36363636363637]
[0.0, 0.0, 153.8181818181818]
[0.0, 0.0, 153.27272727272728]
[0.0, 0.0, 152.72727272727275]
[0.0, 0.0, 152.1818181818182]
[0.0, 0.0, 151.63636363636363]
[0.0, 0.0, 151.0909090909091]
[0.0, 0.0, 150.54545454545456]
[0, 0, 0]
[0, 0, 0]
[0, 0, 0]
[0, 0, 0]
[0, 0, 0]
[0, 0, 0]
[0, 0, 0]
[0, 0, 0]
[0, 0, 0]
[0, 0, 0]
[0, 0, 0]
[0, 0, 0]
[0, 0, 0]
[0, 0, 0]
[0, 0, 0]
[0, 0, 0]
[0, 0, 0]
[0, 0, 0]
[0, 0, 0]
[0, 0, 0]
[0, 0, 0]
[0, 0, 0]
[0, 0, 0]
[0, 0, 0]
[0, 0, 0]
[0, 0, 0]
[0, 0, 0]
[0, 0, 0]
[0, 0, 0]
[0, 0, 0]
[0, 0, 0]
[0, 0, 0]
[0, 0, 0]
[0, 0, 0]
[0, 0, 0]
[0, 0, 0]
[0, 0, 0]
[0, 0, 0]
[0, 0, 0]
[0, 0, 0]
[0, 0, 0]
[0, 0, 0]
[0, 0, 0]
[0, 0, 0]
[0, 0, 0]
[0, 0, 0]
[0, 0, 0]
[0, 0, 0]
[0, 0, 0]
[0, 0, 0]
[0, 0, 0]
[0, 0, 0]
[0, 0, 0]
[0, 0, 0]
[0, 0, 0]
[0, 0, 0]
[0, 0, 0]
[0, 0, 0]
[0, 0, 0]
[0, 0, 0]
[0, 0, 0]
[0, 0, 0]
[0, 0, 0]
[0, 0, 0]
[0, 0, 0]
[0, 0, 0]
[0, 0, 0]
[0, 0, 0]
[0, 0, 0]
[0, 0, 0]
[0, 0, 0]
[0, 0, 0]
[0, 0, 0]
[0, 0, 0]
[0, 0, 0]
[0, 0, 0]
[0, 0, 0]
[0, 0, 0]
[0, 0, 0]
[0, 0, 0]
[0, 0, 0]
[0, 0, 0]
[0, 0, 0]
[0, 0, 0]
[0, 0, 0]
[0, 0, 0]
[0, 0, 0]
[0, 0, 0]
[0, 0, 0]
[0, 0, 0]
[0, 0, 0]
[0, 0, 0]
[0, 0, 0]
[0, 0, 0]
[0, 0, 0]
[0, 0, 0]
[0, 0, 0]
[0, 0, 0]
[0, 0, 0]
[0, 0, 0]
[0, 0, 0]
[0, 0, 0]
[0, 0, 0]
[0, 0, 0]
[0, 0, 0]
[0, 0, 0]
[0, 0, 0]
[0, 0, 0]
[0, 0, 0]
[0, 0, 0]
