30
10
[0.0, 0.0, -950.0]
[0.0, 0.0, -954.6666666666666]
[0.0, 0.0, -959.3333333333334]
[0.0, 0.0, -964.0]
[0.0, 0.0, -968.6666666666666]
[0.0, 0.0, -973.3333333333334]
[0.0, 0.0, -978.0]
[0.0, 0.0, -982.6666666666666]
[0.0, 0.0, -987.3333333333334]
[0.0, 0.0, -992.0]
[0.0, 0.0, -996.6666666666666]
[0.0, 0.0, -1001.3333333333334]
[0.0, 0.0, -1006.0]
[0.0, 0.0, -1010.6666666666666]
[0.0, 0.0, -1015.3333333333334]
[0.0, 0.0, -1020.0]
[0.0, 0.0, -1024.6666666666667]
[0.0, 0.0, -1029.3333333333333]
[0.0, 0.0, -1034.0]
[0.0, 0.0, -1038.6666666666667]
[0.0, 0.0, -1043.3333333333333]
[0.0, 0.0, -1048.0]
[0.0, 0.0, -1052.6666666666667]
[0.0, 0.0, -1057.3333333333333]
[0.0, 0.0, -1062.0]
[0.0, 0.0, -1066.6666666666667]
[0.0, 0.0, -1071.3333333333333]
[0.0, 0.0, -1076.0]
[0.0, 0.0, -1080.6666666666667]
[0.0, 0.0, -1085.3333333333333]
[0, 0, 0]
[0, 0, 0]
[0, 0, 0]
[0, 0, 0]
[0, 0, 0]
[0, 0, 0]
[0, 0, 0]
[0, 0, 0]
[0, 0, 0]
[0, 0, 0]
[0, 0, 0]
[0, 0, 0]
[0, 0, 0]
[0, 0, 0]
[0, 0, 0]
[0, 0, 0]
[0, 0, 0]
[0, 0, 0]
[0, 0, 0]
[0, 0, 0]
[0, 0, 0]
[0, 0, 0]
[0, 0, 0]
[0, 0, 0]
[0, 0, 0]
[0, 0, 0]
[0, 0, 0]
[0, 0, 0]
[0, 0, 0]
[0, 0, 0]
