30
10
[20.0, 23.0, 210.0]
[20.0, 23.0, 208.0]
[20.0, 23.0, 206.0]
[20.0, 23.0, 204.0]
[20.0, 23.0, 202.0]
[20.0, 23.0, 200.0]
[20.0, 23.0, 198.0]
[20.0, 23.0, 196.0]
[20.0, 23.0, 194.0]
[20.0, 23.0, 192.0]
[20.0, 23.0, 190.0]
[20.0, 23.0, 188.0]
[20.0, 23.0, 186.0]
[20.0, 23.0, 184.0]
[20.0, 23.0, 182.0]
[20.0, 23.0, 180.0]
[20.0, 23.0, 178.0]
[20.0, 23.0, 176.0]
[20.0, 23.0, 174.0]
[20.0, 23.0, 172.0]
[20.0, 23.0, 170.0]
[20.0, 23.0, 168.0]
[20.0, 23.0, 166.0]
[20.0, 23.0, 164.0]
[20.0, 23.0, 162.0]
[20.0, 23.0, 160.0]
[20.0, 23.0, 158.0]
[20.0, 23.0, 156.0]
[20.0, 23.0, 154.0]
[20.0, 23.0, 152.0]
[0, 0, 0]
[0, 0, 0]
[0, 0, 0]
[0, 0, 0]
[0, 0, 0]
[0, 0, 0]
[0, 0, 0]
[0, 0, 0]
[0, 0, 0]
[0, 0, 0]
[0, 0, 0]
[0, 0, 0]
[0, 0, 0]
[0, 0, 0]
[0, 0, 0]
[0, 0, 0]
[0, 0, 0]
[0, 0, 0]
[0, 0, 0]
[0, 0, 0]
[0, 0, 0]
[0, 0, 0]
[0, 0, 0]
[0, 0, 0]
[0, 0, 0]
[0, 0, 0]
[0, 0, 0]
[0, 0, 0]
[0, 0, 0]
[0, 0, 0]
