30
10
[20.0, 23.0, -50.0]
[20.0, 23.0, -54.666666666666664]
[20.0, 23.0, -59.333333333333336]
[20.0, 23.0, -64.0]
[20.0, 23.0, -68.66666666666667]
[20.0, 23.0, -73.33333333333334]
[20.0, 23.0, -78.0]
[20.0, 23.0, -82.66666666666667]
[20.0, 23.0, -87.33333333333334]
[20.0, 23.0, -92.0]
[20.0, 23.0, -96.66666666666667]
[20.0, 23.0, -101.33333333333334]
[20.0, 23.0, -106.0]
[20.0, 23.0, -110.66666666666667]
[20.0, 23.0, -115.33333333333334]
[20.0, 23.0, -120.0]
[20.0, 23.0, -124.66666666666667]
[20.0, 23.0, -129.33333333333334]
[20.0, 23.0, -134.0]
[20.0, 23.0, -138.66666666666669]
[20.0, 23.0, -143.33333333333334]
[20.0, 23.0, -148.0]
[20.0, 23.0, -152.66666666666669]
[20.0, 23.0, -157.33333333333334]
[20.0, 23.0, -162.0]
[20.0, 23.0, -166.66666666666669]
[20.0, 23.0, -171.33333333333334]
[20.0, 23.0, -176.0]
[20.0, 23.0, -180.66666666666669]
[20.0, 23.0, -185.33333333333334]
[0, 0, 0]
[0, 0, 0]
[0, 0, 0]
[0, 0, 0]
[0, 0, 0]
[0, 0, 0]
[0, 0, 0]
[0, 0, 0]
[0, 0, 0]
[0, 0, 0]
[0, 0, 0]
[0, 0, 0]
[0, 0, 0]
[0, 0, 0]
[0, 0, 0]
[0, 0, 0]
[0, 0, 0]
[0, 0, 0]
[0, 0, 0]
[0, 0, 0]
[0, 0, 0]
[0, 0, 0]
[0, 0, 0]
[0, 0, 0]
[0, 0, 0]
[0, 0, 0]
[0, 0, 0]
[0, 0, 0]
[0, 0, 0]
[0, 0, 0]
