30
10
[20.0, 23.0, -850.0]
[20.0, 23.0, -853.3333333333334]
[20.0, 23.0, -856.6666666666666]
[20.0, 23.0, -860.0]
[20.0, 23.0, -863.3333333333334]
[20.0, 23.0, -866.6666666666666]
[20.0, 23.0, -870.0]
[20.0, 23.0, -873.3333333333334]
[20.0, 23.0, -876.6666666666666]
[20.0, 23.0, -880.0]
[20.0, 23.0, -883.3333333333334]
[20.0, 23.0, -886.6666666666666]
[20.0, 23.0, -890.0]
[20.0, 23.0, -893.3333333333334]
[20.0, 23.0, -896.6666666666666]
[20.0, 23.0, -900.0]
[20.0, 23.0, -903.3333333333334]
[20.0, 23.0, -906.6666666666666]
[20.0, 23.0, -910.0]
[20.0, 23.0, -913.3333333333334]
[20.0, 23.0, -916.6666666666666]
[20.0, 23.0, -920.0]
[20.0, 23.0, -923.3333333333334]
[20.0, 23.0, -926.6666666666666]
[20.0, 23.0, -930.0]
[20.0, 23.0, -933.3333333333334]
[20.0, 23.0, -936.6666666666666]
[20.0, 23.0, -940.0]
[20.0, 23.0, -943.3333333333334]
[20.0, 23.0, -946.6666666666666]
[0, 0, 0]
[0, 0, 0]
[0, 0, 0]
[0, 0, 0]
[0, 0, 0]
[0, 0, 0]
[0, 0, 0]
[0, 0, 0]
[0, 0, 0]
[0, 0, 0]
[0, 0, 0]
[0, 0, 0]
[0, 0, 0]
[0, 0, 0]
[0, 0, 0]
[0, 0, 0]
[0, 0, 0]
[0, 0, 0]
[0, 0, 0]
[0, 0, 0]
[0, 0, 0]
[0, 0, 0]
[0, 0, 0]
[0, 0, 0]
[0, 0, 0]
[0, 0, 0]
[0, 0, 0]
[0, 0, 0]
[0, 0, 0]
[0, 0, 0]
